Date,Open,High,Low,Close,Volume,Adj Close
2016-11-14,47.610001,48.540001,47.34,48.139999,8364400,48.139999
2016-11-11,48.349998,48.610001,47.209999,48.009998,7560700,48.009998
2016-11-10,47.689999,48.990002,47.57,48.810001,11520000,48.810001
2016-11-09,47.459999,48.25,47.119999,47.82,12120900,47.82
2016-11-08,47.080002,47.700001,46.91,47.119999,5273900,47.119999
2016-11-07,46.810001,47.459999,46.810001,47.439999,5362300,47.439999
2016-11-04,46.459999,46.84,45.75,46.380001,6977700,46.380001
2016-11-03,45.939999,46.610001,45.84,46.580002,7378000,46.580002
2016-11-02,45.509998,46.220001,45.080002,45.93,8158100,45.93
2016-11-01,46.369999,46.68,45.360001,46.23,6869900,46.23
2016-10-31,46.419998,46.68,45.91,46.00,7931200,46.00
2016-10-28,47.599998,47.799999,46.060001,46.580002,10411000,46.580002
2016-10-27,47.900002,48.25,47.50,47.549999,6001200,47.549999
2016-10-26,47.209999,48.50,46.849998,47.619999,8619700,47.619999
2016-10-25,48.220001,48.84,47.57,47.77,7760200,47.77
2016-10-24,48.540001,48.689999,47.759998,48.240002,7399100,48.240002
2016-10-21,48.360001,48.779999,48.09,48.43,6659000,48.43
2016-10-20,48.889999,49.509998,48.43,48.75,8613000,48.75
2016-10-19,47.700001,50.23,47.700001,49.07,19236500,49.07
2016-10-18,46.970001,47.279999,46.299999,47.07,9834100,47.07
2016-10-17,46.950001,47.349998,45.98,46.32,8169300,46.32
2016-10-14,47.459999,47.830002,46.84,46.970001,7353400,46.970001
2016-10-13,46.380001,47.959999,46.119999,47.02,7327900,47.02
2016-10-12,46.639999,47.18,46.25,46.959999,7565500,46.959999
2016-10-11,46.91,47.169998,46.290001,46.639999,9505000,46.639999
2016-10-10,46.790001,47.639999,46.759998,47.259998,8799400,47.259998
2016-10-07,46.380001,46.849998,45.98,46.259998,7014500,46.259998
2016-10-06,46.040001,46.400002,45.549999,46.369999,7624000,46.369999
2016-10-05,45.200001,46.07,44.939999,45.720001,7529500,45.720001
2016-10-04,44.91,45.00,44.23,44.59,5035900,44.59
2016-10-03,45.110001,45.189999,44.540001,44.900002,6221400,44.900002
2016-09-30,44.540001,45.080002,44.07,44.880001,9195300,44.880001
2016-09-29,42.889999,44.73,42.889999,44.18,15139000,44.18
2016-09-28,41.110001,42.959999,40.450001,42.790001,12551900,42.790001
2016-09-27,40.919998,41.09,40.119999,40.950001,11842900,40.950001
2016-09-26,41.98,42.310001,41.18,41.380001,9322500,41.380001
2016-09-23,42.290001,43.040001,41.669998,41.84,7191700,41.84
2016-09-22,43.25,43.630001,42.599998,42.650002,5924900,42.650002
2016-09-21,41.669998,42.84,41.610001,42.720001,7610200,42.720001
2016-09-20,41.310001,41.630001,41.009998,41.259998,7771300,41.259998
2016-09-19,41.459999,41.860001,41.27,41.279999,6836500,41.279999
2016-09-16,40.77,41.349998,40.740002,41.040001,9673200,41.040001
2016-09-15,41.389999,42.119999,41.209999,41.77,6820400,41.77
2016-09-14,40.849998,41.73,40.630001,41.259998,8061100,41.259998
2016-09-13,41.810001,41.959999,40.599998,41.110001,11877300,41.110001
2016-09-12,41.599998,42.740002,41.52,42.400002,6986400,42.400002
2016-09-09,43.720001,43.759998,41.950001,41.950001,9520000,41.950001
2016-09-08,43.919998,44.349998,43.48,44.119999,6212600,44.119999
2016-09-07,43.700001,43.98,43.200001,43.57,5173500,43.57
2016-09-06,43.529999,43.900002,43.130001,43.73,6003200,43.73
2016-09-02,43.459999,44.09,43.290001,43.32,5994000,43.32
2016-09-01,43.009998,43.290001,42.57,43.209999,5274400,43.029999
2016-08-31,43.900002,44.279999,42.650002,43.009998,9660000,42.830831
2016-08-30,44.740002,45.189999,43.880001,44.07,8194800,43.886417
2016-08-29,44.369999,45.02,44.349998,44.740002,4474200,44.553628
2016-08-26,44.650002,45.27,44.360001,44.560001,5249700,44.374377
2016-08-25,44.509998,44.790001,44.150002,44.57,4098900,44.384334
2016-08-24,44.580002,45.16,44.139999,44.349998,6439900,44.165249
2016-08-23,45.02,45.50,44.93,44.990002,7647900,44.802586
2016-08-22,46.18,46.240002,44.869999,45.080002,11337300,44.892212
2016-08-19,46.220001,46.900002,46.040001,46.849998,8841200,46.654835
2016-08-18,45.439999,46.549999,45.380001,46.459999,12196700,46.26646
2016-08-17,44.59,45.220001,44.439999,45.099998,6190300,44.912125
2016-08-16,44.560001,44.779999,44.200001,44.619999,8288200,44.434125
2016-08-15,44.049999,44.73,44.02,44.450001,4436100,44.264835
2016-08-12,44.139999,44.400002,43.669998,43.84,4345100,43.657375
2016-08-11,43.939999,44.419998,43.869999,44.080002,5273300,43.896377
2016-08-10,44.200001,44.389999,43.650002,43.759998,5182300,43.577707
2016-08-09,44.490002,44.529999,43.849998,44.049999,4516400,43.8665
2016-08-08,43.98,45.049999,43.939999,44.259998,6606000,44.075624
2016-08-05,43.110001,43.880001,42.889999,43.709999,6442700,43.527916
2016-08-04,42.709999,43.299999,42.549999,42.990002,5156300,42.810918
2016-08-03,42.009998,42.939999,41.689999,42.939999,7347000,42.761123
2016-08-02,42.50,42.73,41.48,42.060001,7866600,41.884792
2016-08-01,43.419998,43.439999,41.950001,42.279999,8451000,42.103873
2016-07-29,42.27,43.799999,42.169998,43.66,7437300,43.478125
2016-07-28,42.810001,43.400002,42.509998,42.77,7411800,42.591833
2016-07-27,43.200001,43.709999,42.599998,42.919998,6385800,42.741206
2016-07-26,42.349998,43.310001,42.349998,43.240002,7246500,43.059876
2016-07-25,43.439999,43.48,42.389999,42.540001,8241700,42.362792
2016-07-22,43.830002,43.91,42.82,43.830002,8900200,43.647419
2016-07-21,44.279999,44.75,43.25,43.540001,9210500,43.358626
2016-07-20,44.919998,44.93,43.91,44.279999,16067200,44.095541
2016-07-19,45.310001,45.52,44.77,44.990002,9756100,44.802586
2016-07-18,45.169998,45.610001,44.900002,45.610001,6105900,45.420003
2016-07-15,45.970001,46.09,45.279999,45.459999,5704900,45.270626
2016-07-14,45.900002,46.09,45.66,45.810001,6803700,45.61917
2016-07-13,45.810001,46.07,44.709999,45.209999,9077500,45.021667
2016-07-12,45.189999,46.48,45.099998,46.029999,11462700,45.838251
2016-07-11,45.41,45.889999,44.459999,44.48,9053800,44.294709
2016-07-08,44.279999,45.32,44.139999,45.029999,10482100,44.842417
2016-07-07,44.02,44.93,43.209999,43.549999,8516300,43.368583
2016-07-06,43.360001,43.709999,42.950001,43.650002,8206000,43.468168
2016-07-05,44.740002,44.849998,42.919998,43.529999,12375700,43.348665
2016-07-01,45.200001,45.84,45.16,45.560001,7718600,45.370212
2016-06-30,44.48,45.380001,44.34,45.290001,9742100,45.101336
2016-06-29,43.790001,45.02,43.560001,44.59,9788900,44.404251
2016-06-28,42.630001,43.459999,42.43,43.27,9393500,43.08975
2016-06-27,43.290001,43.50,41.700001,41.880001,12223200,41.705541
2016-06-24,43.810001,44.650002,43.560001,43.919998,12651400,43.73704
2016-06-23,45.279999,45.860001,44.939999,45.84,8136700,45.649044
2016-06-22,44.939999,45.18,44.48,44.66,11278000,44.473959
2016-06-21,43.919998,44.869999,43.709999,44.619999,9233900,44.434125
2016-06-20,44.93,44.950001,43.779999,43.790001,7630500,43.607585
2016-06-17,43.75,44.310001,43.389999,44.110001,9387500,43.926251
2016-06-16,43.360001,43.529999,42.470001,43.189999,10109200,43.010082
2016-06-15,43.880001,44.610001,43.470001,43.98,7981700,43.796792
2016-06-14,44.00,44.50,43.389999,43.990002,9087300,43.806752
2016-06-13,43.939999,44.950001,43.73,44.279999,8504700,44.095541
2016-06-10,45.040001,45.27,44.16,44.380001,10423800,44.195127
2016-06-09,45.689999,46.080002,45.389999,45.50,8514600,45.31046
2016-06-08,46.34,46.689999,45.630001,46.290001,11733300,46.09717
2016-06-07,44.950001,46.490002,44.84,46.080002,15583200,45.888046
2016-06-06,43.130001,45.00,43.110001,44.889999,13760900,44.703001
2016-06-03,42.150002,42.970001,41.779999,42.849998,9015700,42.671498
2016-06-02,41.919998,42.130001,41.50,42.130001,6651700,41.9545
2016-06-01,41.799999,42.529999,41.459999,42.150002,8131000,41.974417
2016-05-31,42.389999,43.080002,41.880001,42.18,9865000,42.004291
2016-05-27,42.299999,42.639999,42.07,42.580002,6421400,42.402626
2016-05-26,42.799999,43.200001,42.50,42.639999,8919100,42.283124
2016-05-25,41.700001,42.75,41.66,42.450001,7651800,42.094715
2016-05-24,41.540001,41.73,41.060001,41.419998,8235600,41.073333
2016-05-23,40.43,41.669998,40.41,41.459999,11689300,41.112999
2016-05-20,40.549999,41.330002,40.34,40.91,8365900,40.567603
2016-05-19,40.00,40.43,39.32,40.139999,7570700,39.804047
2016-05-18,41.029999,41.150002,39.869999,40.279999,8378700,39.942875
2016-05-17,40.50,41.630001,40.299999,41.169998,10785500,40.825426
2016-05-16,39.529999,40.470001,39.450001,40.18,10721500,39.843714
2016-05-13,39.75,40.189999,38.970001,39.060001,8290400,38.733088
2016-05-12,40.00,40.330002,39.720001,40.049999,10437400,39.714801
2016-05-11,38.830002,40.130001,38.799999,39.540001,10957000,39.209071
2016-05-10,39.009998,39.259998,38.599998,38.84,8276700,38.514929
2016-05-09,39.310001,39.310001,38.240002,38.689999,8974100,38.366182
2016-05-06,39.470001,40.169998,39.16,39.439999,13827100,39.109905
2016-05-05,40.439999,40.77,39.580002,39.939999,12816300,39.605721
2016-05-04,40.130001,40.689999,39.240002,39.860001,12638300,39.526392
2016-05-03,40.66,41.759998,39.779999,40.439999,19669200,40.101536
2016-05-02,41.529999,42.82,41.419998,42.049999,23540500,41.698062
2016-04-29,41.099998,41.93,40.41,41.310001,10388800,40.964257
2016-04-28,41.130001,41.650002,40.41,41.040001,9288900,40.696516
2016-04-27,40.23,41.580002,40.23,41.040001,11826400,40.696516
2016-04-26,40.209999,40.360001,39.50,40.220001,9782100,39.88338
2016-04-25,40.549999,41.34,39.330002,40.040001,13423800,39.704886
2016-04-22,40.139999,41.369999,39.98,40.84,11220700,40.49819
2016-04-21,40.279999,41.57,40.220001,40.330002,16368700,39.99246
2016-04-20,39.59,40.91,39.529999,40.34,9703500,40.002374
2016-04-19,39.09,40.279999,38.849998,40.040001,11216800,39.704886
2016-04-18,37.25,39.310001,37.25,38.990002,8725300,38.663675
2016-04-15,38.130001,38.439999,37.619999,38.27,7244900,37.949699
2016-04-14,38.389999,38.869999,38.029999,38.380001,9829700,38.058779
2016-04-13,37.869999,38.490002,37.599998,38.310001,11374800,37.989366
2016-04-12,37.32,37.990002,36.73,37.66,12394100,37.344804
2016-04-11,37.50,38.080002,37.200001,37.220001,8297400,36.908488
2016-04-08,37.220001,38.189999,37.110001,37.330002,11885000,37.017568
2016-04-07,35.970001,36.75,35.93,36.25,9283200,35.946605
2016-04-06,34.709999,36.889999,34.450001,36.439999,21612400,36.135014
2016-04-05,33.650002,34.720001,33.259998,34.400002,17338900,34.112091
2016-04-04,34.849998,35.299999,33.830002,34.00,14100000,33.715437
2016-04-01,35.07,35.259998,34.68,35.09,9201400,34.796314
2016-03-31,35.84,36.380001,35.540001,35.720001,7426200,35.421042
2016-03-30,35.549999,36.450001,35.50,36.02,11330600,35.718531
2016-03-29,34.490002,35.189999,33.950001,35.02,8153300,34.7269
2016-03-28,35.32,35.400002,34.709999,35.09,5013200,34.796314
2016-03-24,34.310001,35.310001,34.279999,35.220001,6331100,34.925227
2016-03-23,35.380001,35.779999,34.82,35.029999,7941400,34.736815
2016-03-22,36.009998,36.439999,35.810001,35.970001,7025100,35.66895
2016-03-21,35.970001,36.529999,35.720001,36.380001,7007400,36.075518
2016-03-18,36.68,36.740002,35.810001,36.299999,12220800,35.996186
2016-03-17,35.779999,36.740002,35.540001,36.380001,10206400,36.075518
2016-03-16,35.380001,35.560001,34.48,35.470001,13004800,35.173135
2016-03-15,35.029999,35.169998,34.490002,34.990002,9634900,34.697153
2016-03-14,35.540001,35.860001,35.259998,35.50,10556500,35.202883
2016-03-11,35.110001,36.310001,34.98,36.119999,12667600,35.817692
2016-03-10,34.599998,34.830002,33.93,34.509998,9873600,34.221167
2016-03-09,35.07,35.200001,34.169998,34.689999,9015300,34.39966
2016-03-08,35.32,35.509998,34.34,34.48,12300700,34.191419
2016-03-07,34.689999,36.09,34.630001,35.84,17414600,35.540037
2016-03-04,34.43,35.709999,34.02,34.880001,17727400,34.588073
2016-03-03,33.509998,34.34,33.369999,34.169998,13453100,33.884012
2016-03-02,32.779999,33.689999,32.240002,33.66,13588300,33.378282
2016-03-01,32.57,33.060001,32.349998,33.02,9628900,32.743639
2016-02-29,32.389999,32.790001,32.060001,32.279999,11111300,32.009831
2016-02-26,33.139999,33.310001,32.439999,32.810001,9637400,32.356904
2016-02-25,32.43,32.66,31.57,32.50,9301400,32.051183
2016-02-24,31.35,32.48,31.35,32.459999,10773400,32.011735
2016-02-23,32.439999,32.59,32.02,32.09,11914400,31.646846
2016-02-22,31.370001,32.959999,31.370001,32.880001,13221300,32.425937
2016-02-19,31.280001,31.459999,30.84,31.370001,9163900,30.936789
2016-02-18,31.74,31.85,30.940001,31.459999,11405400,31.025545
2016-02-17,30.24,31.459999,30.07,31.40,10719400,30.966374
2016-02-16,29.65,30.01,29.27,29.940001,9101600,29.526537
2016-02-12,29.190001,29.65,28.719999,29.110001,11992200,28.707999
2016-02-11,28.700001,29.34,27.959999,28.799999,13121000,28.402279
2016-02-10,29.48,30.16,29.25,29.59,7693700,29.18137
2016-02-09,30.35,30.889999,28.92,29.59,13217500,29.18137
2016-02-08,30.74,31.08,30.27,30.83,14704400,30.404246
2016-02-05,31.99,32.290001,30.940001,31.35,11397800,30.917065
2016-02-04,32.389999,33.490002,32.18,32.43,13726500,31.98215
2016-02-03,30.75,32.060001,29.790001,31.959999,12680200,31.51864
2016-02-02,30.73,31.02,30.34,30.52,8965900,30.098527
2016-02-01,31.290001,31.83,31.01,31.620001,10193600,31.183337
2016-01-29,30.57,31.809999,30.50,31.790001,15029000,31.350989
2016-01-28,30.32,30.59,29.42,30.450001,17805300,30.029494
2016-01-27,28.940001,29.82,28.629999,29.059999,17157400,28.658688
2016-01-26,29.540001,29.60,28.52,28.940001,17959900,28.540347
2016-01-25,30.129999,30.66,29.23,29.280001,18800700,28.875651
2016-01-22,30.469999,30.65,29.18,30.190001,18397300,29.773084
2016-01-21,28.23,29.629999,28.129999,29.290001,15261900,28.885514
2016-01-20,29.040001,29.120001,27.639999,28.48,21777800,28.086698
2016-01-19,30.889999,30.99,29.370001,29.790001,15218700,29.378609
2016-01-15,30.51,31.290001,30.35,30.85,13231800,30.42397
2016-01-14,30.67,32.049999,29.639999,31.84,13952600,31.400298
2016-01-13,31.92,32.09,30.389999,30.459999,16443800,30.039354
2016-01-12,31.950001,32.099998,30.610001,31.469999,10981400,31.035407
2016-01-11,32.419998,32.50,30.83,31.549999,13847600,31.114302
2016-01-08,33.029999,33.189999,32.279999,32.459999,11570100,32.011735
2016-01-07,32.790001,33.740002,32.66,32.91,11050900,32.455521
2016-01-06,33.490002,34.189999,33.060001,33.419998,12337000,32.958477
2016-01-05,34.610001,34.73,33.75,34.400002,8100900,33.924946
2016-01-04,33.860001,34.599998,33.560001,34.48,10032900,34.00384
2015-12-31,33.950001,34.470001,33.889999,34.040001,6194500,33.569917
2015-12-30,33.939999,34.630001,33.860001,34.130001,5682500,33.658675
2015-12-29,34.93,35.169998,34.200001,34.50,5406100,34.023564
2015-12-28,34.529999,34.759998,34.07,34.299999,6844000,33.826325
2015-12-24,35.43,35.540001,34.93,35.150002,3725100,34.664589
2015-12-23,34.810001,35.459999,34.720001,35.450001,11337200,34.960445
2015-12-22,33.439999,34.349998,33.34,34.02,10960000,33.550193
2015-12-21,33.610001,34.080002,33.139999,33.400002,11274500,32.938756
2015-12-18,34.00,34.110001,33.290001,33.439999,17603600,32.978201
2015-12-17,35.849998,35.970001,34.09,34.18,18732200,33.707983
2015-12-16,36.84,37.060001,35.650002,35.860001,21318000,35.364783
2015-12-15,37.080002,39.669998,35.50,37.099998,24575700,36.587657
2015-12-14,36.830002,37.450001,36.029999,36.549999,20102700,36.045253
2015-12-11,37.740002,37.889999,36.889999,36.959999,13094000,36.449591
2015-12-10,38.009998,38.779999,37.68,38.150002,15317800,37.62316
2015-12-09,36.599998,38.310001,36.48,38.299999,21179000,37.771086
2015-12-08,35.709999,37.369999,35.580002,36.27,16871100,35.769121
2015-12-07,36.990002,37.099998,35.889999,36.57,18434900,36.064977
2015-12-04,37.509998,38.040001,36.91,37.900002,13030400,37.376612
2015-12-03,39.240002,39.380001,37.610001,38.009998,14444100,37.48509
2015-12-02,39.880001,40.52,38.900002,38.950001,13468900,38.412111
2015-12-01,39.50,40.419998,39.400002,40.400002,9062000,39.842088
2015-11-30,39.240002,40.150002,39.080002,39.849998,11273700,39.122166
2015-11-27,38.93,39.349998,38.759998,39.130001,3766800,38.415319
2015-11-25,39.330002,40.00,39.009998,39.310001,5823400,38.592032
2015-11-24,38.630001,40.240002,38.549999,39.740002,11009900,39.014179
2015-11-23,37.709999,38.450001,37.580002,38.349998,6498600,37.649563
2015-11-20,38.150002,38.32,37.549999,38.00,9753800,37.305957
2015-11-19,38.549999,39.07,37.849998,38.040001,8808600,37.345227
2015-11-18,38.400002,39.25,38.299999,38.880001,13758200,38.169885
2015-11-17,38.43,38.57,38.02,38.110001,11371700,37.413948
2015-11-16,37.43,38.59,37.169998,38.490002,9486500,37.787009
2015-11-13,37.299999,38.049999,36.77,37.389999,9423100,36.707097
2015-11-12,37.450001,38.330002,37.18,37.490002,8940600,36.805273
2015-11-11,38.84,38.84,37.439999,38.099998,10686300,37.404129
2015-11-10,39.02,39.490002,38.650002,38.91,8684300,38.199336
2015-11-09,39.040001,39.459999,38.599998,39.099998,8446100,38.385865
2015-11-06,37.900002,39.389999,37.77,39.349998,12261000,38.631299
2015-11-05,38.82,39.52,38.169998,38.41,15071000,37.708468
2015-11-04,40.00,40.139999,38.68,39.209999,14661600,38.493856
2015-11-03,39.470001,40.310001,39.299999,40.049999,14462900,39.318514
2015-11-02,38.209999,39.439999,38.18,39.290001,9822700,38.572397
2015-10-30,38.330002,38.740002,37.700001,38.380001,9626200,37.679017
2015-10-29,38.119999,38.689999,37.68,38.189999,8423400,37.492485
2015-10-28,37.790001,38.91,37.27,38.27,13206100,37.571026
2015-10-27,37.77,38.599998,37.459999,37.48,11611700,36.795454
2015-10-26,39.060001,39.209999,38.439999,38.549999,9832900,37.845911
2015-10-23,39.310001,40.00,38.900002,39.209999,16021100,38.493856
2015-10-22,38.919998,39.98,38.830002,39.709999,17261400,38.984724
2015-10-21,37.93,39.200001,37.400002,38.400002,13313300,37.698653
2015-10-20,37.400002,37.919998,37.189999,37.68,11762400,36.991802
2015-10-19,37.310001,37.779999,36.830002,37.360001,12286800,36.677647
2015-10-16,39.029999,39.099998,37.119999,37.810001,18733700,37.119428
2015-10-15,38.619999,39.279999,38.00,39.259998,8811400,38.542942
2015-10-14,38.560001,38.919998,38.080002,38.720001,6361800,38.012808
2015-10-13,38.610001,39.459999,38.259998,38.470001,6576600,37.767374
2015-10-12,39.720001,39.810001,38.450001,38.869999,7424800,38.160066
2015-10-09,40.580002,40.790001,39.32,39.650002,11644700,38.925822
2015-10-08,39.48,40.540001,38.720001,40.41,11382000,39.67194
2015-10-07,39.720001,41.279999,39.240002,39.860001,16782100,39.131986
2015-10-06,38.009998,39.560001,37.639999,39.040001,13680100,38.326963
2015-10-05,37.200001,38.110001,36.950001,37.709999,13060600,37.021253
2015-10-02,34.66,36.84,34.41,36.799999,13385500,36.127873
2015-10-01,35.869999,36.189999,34.450001,34.91,14620300,34.272393
2015-09-30,35.009998,35.959999,34.610001,35.349998,13868900,34.704356
2015-09-29,35.049999,35.689999,34.360001,34.68,12185100,34.046595
2015-09-28,36.200001,36.23,34.720001,34.93,13185700,34.292029
2015-09-25,37.32,37.380001,36.360001,36.700001,10576500,36.029701
2015-09-24,36.93,37.439999,36.400002,37.00,12938200,36.324221
2015-09-23,37.689999,37.799999,37.099998,37.299999,7907000,36.618741
2015-09-22,36.720001,38.02,36.59,37.459999,11490900,36.775819
2015-09-21,37.75,38.009998,37.189999,37.450001,11498500,36.766003
2015-09-18,37.91,38.040001,37.150002,37.380001,14347600,36.697282
2015-09-17,38.580002,39.52,38.130001,38.700001,12144700,37.993173
2015-09-16,37.419998,39.099998,37.150002,38.650002,12643300,37.944087
2015-09-15,37.119999,37.299999,36.610001,37.009998,11837700,36.334037
2015-09-14,37.119999,37.360001,36.610001,36.880001,8653000,36.206414
2015-09-11,37.580002,37.580002,36.529999,37.200001,12276700,36.520569
2015-09-10,37.139999,37.889999,36.240002,37.580002,12533500,36.89363
2015-09-09,38.330002,39.02,37.049999,37.150002,11131200,36.471483
2015-09-08,37.299999,38.040001,36.889999,37.950001,14942700,37.256871
2015-09-04,37.389999,37.790001,36.759998,36.849998,10000500,36.176959
2015-09-03,38.459999,39.130001,37.560001,38.080002,15369000,37.384497
2015-09-02,38.75,38.860001,37.279999,38.169998,11072100,37.47285
2015-09-01,38.099998,38.73,37.549999,37.950001,15096900,37.256871
2015-08-31,37.779999,39.799999,37.360001,39.349998,14148100,38.631299
2015-08-28,37.57,39.150002,37.560001,38.59,14974800,37.708468
2015-08-27,35.68,38.16,35.470001,38.040001,21762400,37.171033
2015-08-26,34.18,35.240002,33.630001,34.43,19270000,33.643497
2015-08-25,35.290001,35.290001,33.470001,33.470001,14726600,32.705428
2015-08-24,33.00,35.700001,30.93,33.560001,24757800,32.793372
2015-08-21,37.23,37.77,35.34,35.689999,28078600,34.874713
2015-08-20,39.130001,39.689999,37.66,37.700001,17242900,36.838799
2015-08-19,40.369999,40.849998,39.029999,39.299999,15540700,38.402248
2015-08-18,41.130001,41.73,40.810001,41.009998,9655800,40.073185
2015-08-17,41.630001,41.869999,40.889999,41.290001,9184900,40.346791
2015-08-14,41.709999,42.639999,41.689999,41.990002,9011700,41.030801
2015-08-13,42.34,42.439999,41.59,41.759998,11117600,40.806052
2015-08-12,41.830002,43.02,40.810001,42.709999,17473600,41.734352
2015-08-11,40.57,42.00,40.439999,41.950001,12541500,40.991714
2015-08-10,39.860001,41.700001,39.82,41.619999,10614100,40.669251
2015-08-07,40.580002,41.080002,39.580002,39.759998,7808000,38.851739
2015-08-06,40.57,41.00,39.799999,40.849998,11875600,39.91684
2015-08-05,40.040001,40.98,39.860001,40.610001,14681700,39.682324
2015-08-04,40.349998,40.799999,39.369999,39.599998,14913000,38.695394
2015-08-03,41.299999,41.34,39.91,40.119999,19219500,39.203516
2015-07-31,42.07,42.400002,41.689999,41.790001,8715400,40.835369
2015-07-30,43.279999,43.709999,42.169998,42.290001,10686100,41.323948
2015-07-29,41.50,43.389999,41.50,43.290001,16896100,42.301104
2015-07-28,41.310001,42.00,40.25,41.919998,16038500,40.962397
2015-07-27,40.919998,41.330002,40.240002,40.98,12239400,40.043871
2015-07-24,42.419998,42.610001,41.240002,41.720001,11780200,40.766969
2015-07-23,42.189999,42.970001,41.689999,42.330002,16688700,41.363035
2015-07-22,41.849998,42.889999,39.32,41.540001,47543000,40.59108
2015-07-21,40.779999,42.59,40.740002,41.860001,22068200,40.90377
2015-07-20,40.439999,41.599998,40.439999,40.720001,19223300,39.789812
2015-07-17,39.990002,40.419998,39.549999,39.990002,14966800,39.076488
2015-07-16,41.41,41.52,40.16,40.209999,15030800,39.29146
2015-07-15,42.310001,42.32,41.060001,41.07,14552100,40.131816
2015-07-14,41.790001,42.98,41.720001,42.560001,10114500,41.58778
2015-07-13,41.41,41.93,41.040001,41.869999,11084900,40.91354
2015-07-10,41.57,41.77,41.169998,41.330002,10430800,40.385878
2015-07-09,41.540001,41.82,41.259998,41.310001,10740400,40.366335
2015-07-08,41.389999,41.98,40.709999,40.939999,15205100,40.004784
2015-07-07,40.630001,42.060001,40.240002,41.880001,18273600,40.923314
2015-07-06,40.830002,41.740002,40.619999,40.720001,13463900,39.789812
2015-07-02,41.66,42.18,41.330002,41.91,10453700,40.952627
2015-07-01,43.23,43.27,41.200001,41.560001,16565000,40.610624
2015-06-30,43.07,43.23,42.75,43.07,10645200,42.086128
2015-06-29,42.560001,43.18,42.459999,42.689999,11070900,41.714808
2015-06-26,43.50,43.52,42.759998,43.119999,28337200,42.134986
2015-06-25,44.16,44.23,43.50,43.50,8706000,42.506306
2015-06-24,44.16,44.669998,44.110001,44.25,9833800,43.239173
2015-06-23,43.849998,44.560001,43.830002,44.490002,10622300,43.473693
2015-06-22,43.919998,44.209999,43.450001,44.110001,10744600,43.102372
2015-06-19,44.279999,44.650002,43.560001,43.849998,17319800,42.848309
2015-06-18,46.02,46.189999,44.34,44.580002,17903000,43.561637
2015-06-17,45.869999,46.380001,45.419998,45.709999,8951400,44.665821
2015-06-16,45.459999,45.779999,45.310001,45.419998,8342900,44.382445
2015-06-15,45.009998,45.889999,44.66,45.549999,9627800,44.509476
2015-06-12,45.43,45.790001,45.240002,45.48,5403000,44.441075
2015-06-11,46.59,46.599998,45.57,45.619999,6935900,44.577877
2015-06-10,45.849998,46.689999,45.779999,46.240002,11791200,45.183716
2015-06-09,45.799999,46.080002,45.259998,45.279999,8178300,44.245643
2015-06-08,45.650002,46.139999,45.23,45.419998,8923300,44.382445
2015-06-05,44.560001,46.130001,44.369999,45.73,12119200,44.685364
2015-06-04,45.16,45.459999,44.68,44.709999,12418600,43.688664
2015-06-03,45.849998,46.580002,45.57,45.619999,7431200,44.577877
2015-06-02,45.360001,46.400002,45.209999,45.919998,9798400,44.871023
2015-06-01,45.349998,45.540001,45.040001,45.240002,7539300,44.20656
2015-05-29,45.470001,45.970001,45.360001,45.400002,9436300,44.187017
2015-05-28,45.50,45.59,44.91,45.349998,7455400,44.13835
2015-05-27,45.349998,45.91,44.810001,45.619999,11044200,44.401136
2015-05-26,45.27,45.91,45.240002,45.450001,9214900,44.23568
2015-05-22,45.639999,46.380001,45.540001,45.91,7738600,44.683389
2015-05-21,45.330002,46.360001,45.290001,46.16,15714700,44.92671
2015-05-20,45.279999,45.450001,44.720001,44.970001,13448000,43.768505
2015-05-19,46.080002,46.299999,45.02,45.07,15193600,43.865832
2015-05-18,46.599998,46.790001,46.119999,46.720001,7494400,45.471749
2015-05-15,46.310001,46.889999,45.779999,46.700001,10842600,45.452283
2015-05-14,47.52,47.549999,46.290001,46.439999,14052700,45.199228
2015-05-13,47.619999,47.900002,47.200001,47.290001,10709600,46.02652
2015-05-12,47.279999,47.689999,46.669998,47.490002,8944200,46.221177
2015-05-11,47.98,48.00,46.93,47.189999,13486800,45.929189
2015-05-08,47.00,48.200001,46.27,48.110001,14706800,46.824611
2015-05-07,47.169998,47.209999,46.080002,46.349998,18428200,45.111632
2015-05-06,48.709999,48.939999,47.32,47.669998,13224500,46.396364
2015-05-05,49.720001,50.200001,47.990002,48.040001,18671000,46.756482
2015-05-04,49.290001,49.650002,48.860001,49.200001,10524500,47.885489
2015-05-01,48.889999,49.299999,48.419998,49.110001,11002100,47.797893
2015-04-30,49.310001,49.700001,48.759998,48.950001,11404100,47.642168
2015-04-29,48.490002,49.580002,48.25,49.209999,13575000,47.89522
2015-04-28,48.259998,48.919998,48.200001,48.59,9322400,47.291786
2015-04-27,48.209999,48.869999,48.169998,48.43,12488200,47.136061
2015-04-24,47.900002,48.57,47.369999,48.00,16282100,46.717549
2015-04-23,47.099998,48.639999,47.099998,48.169998,12865500,46.883006
2015-04-22,47.349998,47.549999,46.759998,47.110001,14017300,45.851329
2015-04-21,47.720001,47.889999,46.610001,47.049999,17264400,45.79293
2015-04-20,46.869999,48.93,46.720001,47.849998,26332400,46.571555
2015-04-17,47.52,47.66,46.380001,46.889999,20213300,45.637205
2015-04-16,47.970001,48.740002,47.470001,47.830002,15509100,46.552093
2015-04-15,46.75,48.540001,46.25,48.259998,24186300,46.970601
2015-04-14,45.689999,46.310001,45.639999,46.200001,12838700,44.965642
2015-04-13,46.450001,46.59,45.299999,45.439999,11811100,44.225945
2015-04-10,45.990002,46.52,45.720001,46.259998,10175700,45.024037
2015-04-09,44.490002,46.27,44.43,46.040001,17869300,44.809917
2015-04-08,44.650002,45.00,44.02,44.220001,14295800,43.038544
2015-04-07,45.790001,46.130001,44.18,44.52,22218300,43.330527
2015-04-06,44.200001,46.360001,44.139999,45.880001,23794200,44.654192
2015-04-02,43.700001,44.32,43.490002,43.959999,11130400,42.785488
2015-04-01,44.290001,44.380001,43.580002,43.82,14229000,42.649229
2015-03-31,43.470001,44.16,43.290001,43.880001,8360500,42.707627
2015-03-30,43.470001,44.09,43.470001,43.82,8715000,42.649229
2015-03-27,42.919998,43.330002,42.68,43.259998,11093300,42.10419
2015-03-26,44.029999,44.43,43.130001,43.18,17432500,42.026329
2015-03-25,42.869999,44.27,42.810001,43.459999,17250300,42.298847
2015-03-24,42.560001,42.889999,42.279999,42.529999,8374500,41.393694
2015-03-23,42.82,43.48,42.400002,42.400002,10688500,41.26717
2015-03-20,42.25,43.02,42.060001,42.82,21641900,41.675947
2015-03-19,40.970001,41.57,40.75,41.549999,11622200,40.439878
2015-03-18,40.060001,41.68,39.900002,41.59,16118000,40.47881
2015-03-17,40.299999,40.50,39.869999,40.279999,13337800,39.203809
2015-03-16,39.610001,40.560001,39.27,40.52,15397200,39.437398
2015-03-13,40.490002,40.59,39.880001,40.18,17913600,39.106482
2015-03-12,41.669998,41.669998,40.91,40.990002,11146400,39.894842
2015-03-11,41.049999,41.830002,40.990002,41.310001,12911300,40.206292
2015-03-10,41.299999,42.150002,41.209999,41.310001,15280100,40.206292
2015-03-09,42.110001,42.759998,41.810001,42.040001,13436300,40.916788
2015-03-06,42.650002,42.919998,42.099998,42.380001,12939000,41.247704
2015-03-05,42.549999,43.02,42.509998,42.939999,7833800,41.79274
2015-03-04,43.080002,43.200001,42.439999,43.07,11926900,41.919267
2015-03-03,43.049999,43.32,42.599998,43.110001,10721900,41.9582
2015-03-02,42.759998,43.049999,41.959999,42.990002,13017300,41.841407
2015-02-27,42.959999,43.23,42.720001,42.939999,12293300,41.61755
2015-02-26,43.25,43.310001,42.529999,42.700001,15498900,41.384943
2015-02-25,43.049999,43.709999,42.799999,43.68,11817100,42.334761
2015-02-24,43.77,43.91,41.849998,43.119999,19324300,41.792006
2015-02-23,42.959999,43.59,42.619999,43.220001,12880300,41.888929
2015-02-20,44.099998,44.34,43.279999,43.360001,17450600,42.024617
2015-02-19,43.16,44.639999,43.080002,44.240002,12861700,42.877516
2015-02-18,44.349998,44.82,44.009998,44.389999,12494400,43.022894
2015-02-17,44.389999,44.919998,43.560001,44.869999,15546700,43.488111
2015-02-13,43.490002,44.200001,43.310001,44.189999,17612700,42.829053
2015-02-12,42.650002,43.349998,42.50,42.77,12946600,41.452787
2015-02-11,42.02,42.32,41.610001,42.150002,15847500,40.851883
2015-02-10,43.439999,43.439999,42.049999,42.599998,21869900,41.288021
2015-02-09,43.669998,44.349998,43.41,43.509998,15968700,42.169995
2015-02-06,44.099998,44.34,43.130001,43.360001,18268800,42.024617
2015-02-05,42.970001,43.709999,42.880001,43.349998,15218300,42.014923
2015-02-04,42.619999,43.119999,42.040001,42.389999,18881800,41.084489
2015-02-03,42.540001,43.720001,42.50,43.32,24134000,41.985848
2015-02-02,40.919998,41.529999,40.279999,41.509998,18129400,40.23159
2015-01-30,39.240002,40.740002,39.009998,39.990002,19495900,38.758406
2015-01-29,39.869999,39.869999,38.32,39.57,14800100,38.351339
2015-01-28,41.360001,41.389999,39.360001,39.470001,20655200,38.25442
2015-01-27,41.189999,41.82,40.939999,41.50,14271600,40.2219
2015-01-26,41.099998,41.490002,40.549999,41.459999,15739700,40.183131
2015-01-23,41.060001,42.049999,40.610001,40.990002,17692900,39.727608
2015-01-22,40.900002,41.16,40.389999,40.82,17995500,39.562842
2015-01-21,40.23,40.880001,39.669998,40.689999,17611200,39.436844
2015-01-20,39.599998,40.00,38.119999,39.830002,25096100,38.603333
2015-01-16,37.73,39.330002,37.700001,39.130001,21782700,37.924891
2015-01-15,38.84,39.130001,37.27,37.330002,19531200,36.180327
2015-01-14,38.02,38.43,37.360001,38.34,27990500,37.15922
2015-01-13,38.650002,39.450001,38.25,38.290001,22228300,37.110761
2015-01-12,38.799999,38.98,38.279999,38.540001,25755800,37.353061
2015-01-09,40.439999,40.470001,39.630001,39.799999,17266100,38.574255
2015-01-08,39.759998,40.400002,39.099998,40.209999,20043600,38.971628
2015-01-07,38.740002,39.400002,38.549999,39.360001,17556300,38.147807
2015-01-06,38.389999,38.73,38.07,38.330002,20456300,37.14953
2015-01-05,38.93,38.959999,38.220001,38.709999,19738700,37.517824
2015-01-02,39.169998,39.939999,38.970001,39.490002,11560200,38.273804
2014-12-31,39.23,39.849998,38.610001,39.330002,12110400,38.118732
2014-12-30,40.09,40.119999,39.529999,39.529999,12183500,38.31257
2014-12-29,39.970001,40.470001,39.619999,40.00,12499700,38.768096
2014-12-26,40.099998,40.299999,39.459999,39.73,10759900,38.506411
2014-12-24,39.759998,40.049999,39.16,39.700001,8362200,38.477336
2014-12-23,39.740002,40.040001,39.23,39.880001,15064000,38.651793
2014-12-22,40.32,40.439999,39.439999,39.68,19035900,38.457951
2014-12-19,39.630001,40.57,39.34,40.490002,24413800,39.243007
2014-12-18,40.810001,40.84,38.50,39.23,30803900,38.02181
2014-12-17,38.169998,40.09,37.57,39.439999,31846800,38.225341
2014-12-16,37.419998,39.700001,37.209999,38.110001,28370900,36.936304
2014-12-15,38.450001,38.740002,37.740002,37.82,25879300,36.655234
2014-12-12,37.810001,38.48,37.459999,37.93,30147100,36.761847
2014-12-11,38.060001,39.130001,38.029999,38.23,22655600,37.052607
2014-12-10,38.470001,39.200001,37.84,38.119999,35185800,36.945994
2014-12-09,38.040001,39.689999,37.869999,39.50,33268800,38.283495
2014-12-08,39.84,39.950001,38.380001,38.59,37381000,37.401521
2014-12-05,40.810001,41.02,40.029999,40.369999,30049700,39.1267
2014-12-04,40.470001,41.279999,40.02,40.740002,32537900,39.485307
2014-12-03,41.189999,41.84,40.630001,40.75,33376500,39.494998
2014-12-02,41.290001,41.439999,40.200001,40.34,39351900,38.923168
2014-12-01,42.02,42.130001,40.25,41.209999,40195000,39.76261
2014-11-28,44.330002,44.369999,41.869999,42.200001,34472700,40.717841
2014-11-26,48.060001,48.189999,47.119999,47.34,22833500,45.677312
2014-11-25,50.290001,50.330002,48.189999,48.259998,27170000,46.564997
2014-11-24,50.509998,50.98,49.509998,49.880001,21008200,48.128102
2014-11-21,50.299999,51.130001,49.799999,50.630001,31219900,48.85176
2014-11-20,48.700001,49.459999,48.389999,49.209999,23267900,47.481632
2014-11-19,48.73,48.939999,47.740002,48.43,31694500,46.729028
2014-11-18,50.240002,50.419998,48.459999,48.540001,43671700,46.835166
2014-11-17,51.470001,51.779999,49.009998,49.23,80357800,47.50093
2014-11-14,56.029999,56.259998,53.689999,55.080002,25489200,53.145467
2014-11-13,52.830002,58.00,50.77,53.790001,35987500,51.900774
2014-11-12,53.220001,54.540001,52.849998,53.23,9590600,51.360441
2014-11-11,53.939999,54.029999,52.279999,53.720001,10705200,51.833233
2014-11-10,55.009998,55.599998,53.259998,53.630001,10217700,51.746393
2014-11-07,53.349998,54.470001,53.25,53.860001,10990300,51.968315
2014-11-06,51.799999,53.220001,51.400002,53.169998,13579800,51.302547
2014-11-05,51.75,52.959999,51.380001,52.369999,13049200,50.530645
2014-11-04,52.84,52.869999,50.060001,51.18,20019200,49.382442
2014-11-03,55.50,55.939999,53.669998,53.880001,11962100,51.987613
2014-10-31,53.52,55.189999,53.02,55.139999,11120300,53.203357
2014-10-30,54.060001,54.529999,53.110001,53.919998,7249700,52.026205
2014-10-29,54.52,55.169998,53.82,54.419998,10994700,52.508644
2014-10-28,52.740002,53.630001,52.509998,53.259998,13853100,51.389386
2014-10-27,54.200001,54.200001,51.84,52.389999,18783400,50.549943
2014-10-24,56.299999,56.299999,54.450001,55.779999,11425800,53.820878
2014-10-23,55.389999,56.360001,54.799999,55.849998,10908000,53.888419
2014-10-22,56.07,56.509998,54.349998,54.43,17167100,52.518295
2014-10-21,54.41,55.869999,53.919998,55.66,18924500,53.705094
2014-10-20,53.220001,53.970001,51.610001,52.919998,19259800,51.061327
2014-10-17,54.73,56.169998,52.139999,52.599998,26762400,50.752567
2014-10-16,48.900002,52.880001,48.529999,51.169998,28459700,49.372791
2014-10-15,49.27,51.290001,48.169998,50.639999,30381000,48.861407
2014-10-14,50.619999,51.73,48.91,49.630001,27479300,47.886883
2014-10-13,54.040001,54.84,49.869999,50.259998,25679600,48.494753
2014-10-10,57.02,57.169998,53.82,54.290001,29437400,52.383213
2014-10-09,59.880001,59.939999,56.869999,57.279999,17290000,55.268195
2014-10-08,60.66,60.84,57.849998,60.41,21106900,58.288263
2014-10-07,61.310001,62.619999,61.060001,61.209999,7178700,59.060165
2014-10-06,61.970001,62.849998,60.93,61.68,7164900,59.513658
2014-10-03,62.259998,62.279999,60.639999,61.860001,7214700,59.687337
2014-10-02,61.900002,61.93,59.669998,61.439999,15763100,59.282086
2014-10-01,64.629997,64.879997,62.080002,62.470001,9728700,60.275913
2014-09-30,65.290001,66.25,63.93,64.510002,8893200,62.244264
2014-09-29,64.900002,65.790001,64.459999,65.610001,8432300,63.305628
2014-09-26,63.830002,66.260002,63.650002,65.879997,7892200,63.566142
2014-09-25,64.480003,64.879997,63.330002,63.66,6279800,61.424116
2014-09-24,64.82,65.00,63.060001,64.720001,10409000,62.446888
2014-09-23,64.650002,65.370003,64.209999,64.800003,5506500,62.52408
2014-09-22,66.300003,66.300003,64.379997,64.68,8763400,62.408292
2014-09-19,66.629997,66.989998,66.169998,66.510002,8488500,64.17402
2014-09-18,66.790001,66.800003,65.900002,66.330002,5754300,64.000341
2014-09-17,67.629997,67.68,65.849998,66.239998,6369900,63.913498
2014-09-16,66.089996,67.889999,65.989998,67.290001,6331100,64.926623
2014-09-15,65.650002,66.43,64.910004,66.279999,5987700,63.952094
2014-09-12,66.690002,66.790001,65.610001,65.860001,6321200,63.546848
2014-09-11,66.120003,67.290001,65.730003,67.07,6588500,64.714349
2014-09-10,65.790001,66.75,65.43,66.709999,6107500,64.366992
2014-09-09,66.220001,66.919998,65.470001,65.830002,5912500,63.517902
2014-09-08,67.040001,67.139999,65.940002,66.309998,8816900,63.98104
2014-09-05,66.519997,67.639999,65.879997,67.449997,8977100,65.081
2014-09-04,67.529999,67.940002,66.230003,66.550003,10185400,64.212616
2014-09-03,68.029999,68.18,66.809998,67.580002,8111500,65.206438
2014-09-02,68.169998,68.18,66.230003,67.489998,10644500,65.119596
2014-08-29,67.309998,67.669998,67.150002,67.610001,5249900,65.235384
2014-08-28,68.110001,68.260002,67.269997,67.379997,7429300,64.868728
2014-08-27,69.809998,69.809998,68.07,68.480003,15546000,65.927737
2014-08-26,68.970001,70.50,68.800003,69.809998,7822800,67.208162
2014-08-25,67.910004,68.610001,67.540001,68.550003,5063400,65.995127
2014-08-22,68.230003,68.300003,67.260002,67.470001,5123700,64.955378
2014-08-21,68.910004,68.910004,68.050003,68.339996,4708500,65.792948
2014-08-20,68.980003,69.00,68.050003,68.779999,4444600,66.216551
2014-08-19,69.00,69.459999,68.639999,68.769997,5812300,66.206922
2014-08-18,68.910004,69.269997,68.529999,68.870003,5016500,66.303201
2014-08-15,67.790001,68.470001,67.360001,68.419998,6838800,65.869968
2014-08-14,69.830002,69.849998,67.169998,67.339996,8358200,64.830218
2014-08-13,69.43,69.860001,69.040001,69.540001,3895800,66.948228
2014-08-12,68.82,69.389999,68.489998,69.019997,5067300,66.447604
2014-08-11,69.07,69.940002,68.790001,69.419998,6182100,66.832698
2014-08-08,67.57,68.379997,67.25,68.309998,5645600,65.764067
2014-08-07,68.349998,68.550003,67.029999,67.370003,6880600,64.859106
2014-08-06,67.199997,69.230003,67.150002,67.959999,6468600,65.427113
2014-08-05,69.779999,69.82,66.769997,67.720001,9491900,65.19606
2014-08-04,69.019997,70.330002,68.410004,70.089996,7051900,67.477725
2014-08-01,68.57,69.160004,67.370003,68.720001,9411900,66.15879
2014-07-31,70.25,70.309998,68.510002,68.989998,9979400,66.418724
2014-07-30,71.349998,71.860001,70.650002,70.739998,6360700,68.103501
2014-07-29,72.779999,72.779999,71.209999,71.220001,6508600,68.565614
2014-07-28,73.059998,73.160004,72.129997,72.639999,4237600,69.932689
2014-07-25,73.349998,73.660004,72.739998,73.410004,4506200,70.673995
2014-07-24,74.099998,74.330002,73.230003,73.410004,6243600,70.673995
2014-07-23,73.339996,74.330002,72.519997,74.019997,8126800,71.261253
2014-07-22,71.699997,73.43,71.589996,73.290001,11419100,70.558464
2014-07-21,70.970001,72.199997,70.650002,71.00,9449600,68.353812
2014-07-18,70.330002,71.150002,69.919998,70.93,7106500,68.286422
2014-07-17,71.879997,71.900002,70.290001,70.349998,5844300,67.728037
2014-07-16,70.639999,71.940002,70.339996,71.860001,7157000,69.181761
2014-07-15,69.589996,70.370003,69.269997,70.260002,7133400,67.641394
2014-07-14,69.410004,70.010002,69.120003,69.800003,5290100,67.19854
2014-07-11,69.239998,69.349998,68.660004,68.989998,4651900,66.418724
2014-07-10,69.730003,69.900002,68.910004,69.349998,5630800,66.765307
2014-07-09,70.029999,70.75,69.919998,70.669998,4460700,68.03611
2014-07-08,70.029999,70.139999,68.959999,69.660004,5554900,67.063758
2014-07-07,70.269997,70.459999,69.620003,70.160004,4446400,67.545123
2014-07-03,70.980003,71.029999,70.339996,70.970001,2506600,68.324932
2014-07-02,70.639999,71.269997,70.599998,70.82,4907600,68.180521
2014-07-01,71.269997,71.459999,70.769997,70.849998,5572700,68.209401
2014-06-30,70.540001,71.260002,70.209999,71.010002,6255400,68.363442
2014-06-27,69.110001,70.489998,68.919998,70.470001,6854500,67.843567
2014-06-26,69.629997,70.370003,69.349998,69.550003,7733200,66.957857
2014-06-25,68.050003,69.720001,67.849998,69.440002,9132800,66.851956
2014-06-24,70.349998,70.349998,68.07,68.160004,7037100,65.619663
2014-06-23,70.449997,70.790001,70.00,70.370003,5369200,67.747295
2014-06-20,69.410004,70.620003,69.110001,70.239998,10044700,67.622136
2014-06-19,68.449997,69.00,68.029999,68.980003,4837200,66.409102
2014-06-18,67.919998,68.620003,67.410004,68.50,6269400,65.946988
2014-06-17,67.480003,68.07,67.209999,67.610001,3588500,65.090159
2014-06-16,67.580002,67.870003,66.940002,67.610001,4491600,65.090159
2014-06-13,66.610001,67.690002,66.040001,67.580002,5617700,65.061278
2014-06-12,67.379997,68.139999,66.620003,66.639999,9660500,64.15631
2014-06-11,66.739998,67.00,66.330002,66.940002,3373100,64.445132
2014-06-10,67.019997,67.349998,66.800003,67.110001,3518100,64.608794
2014-06-09,66.830002,67.32,66.620003,67.169998,5228100,64.666556
2014-06-06,66.050003,67.010002,65.989998,66.980003,5387900,64.483642
2014-06-05,65.260002,66.190002,65.110001,65.889999,4359800,63.434263
2014-06-04,65.459999,65.589996,64.800003,65.389999,4478800,62.952898
2014-06-03,64.919998,65.599998,64.529999,65.57,5000800,63.12619
2014-06-02,64.690002,65.510002,64.370003,65.010002,5784100,62.587063
2014-05-30,63.830002,64.690002,63.580002,64.639999,6392200,62.086442
2014-05-29,63.610001,64.150002,63.200001,64.00,5780400,61.471725
2014-05-28,63.669998,63.900002,63.09,63.439999,5814500,60.933847
2014-05-27,64.18,64.360001,63.57,63.970001,4178300,61.442912
2014-05-23,63.529999,64.410004,63.139999,64.010002,4912200,61.481332
2014-05-22,63.18,63.889999,63.139999,63.41,5045800,60.905033
2014-05-21,63.189999,63.400002,62.799999,63.169998,4555300,60.674512
2014-05-20,63.189999,63.369999,62.59,62.880001,3910100,60.395971
2014-05-19,62.459999,63.380001,62.419998,63.209999,4475800,60.712933
2014-05-16,62.43,62.880001,61.82,62.849998,6699300,60.367154
2014-05-15,63.68,63.720001,61.200001,62.369999,9560800,59.906116
2014-05-14,63.869999,64.800003,63.759998,63.990002,6044400,61.462122
2014-05-13,64.510002,64.93,63.889999,64.099998,5790800,61.567774
2014-05-12,63.84,64.220001,63.16,64.169998,3994800,61.635008
2014-05-09,63.41,63.75,62.619999,63.50,5415500,60.991478
2014-05-08,64.919998,64.940002,63.34,63.43,5927000,60.924243
2014-05-07,63.990002,64.800003,63.400002,64.739998,6633000,62.18249
2014-05-06,63.98,64.019997,63.419998,63.52,4927600,61.010688
2014-05-05,63.310001,64.160004,63.060001,63.91,4736200,61.385281
2014-05-02,63.16,63.970001,62.689999,63.860001,7514400,61.337257
2014-05-01,63.130001,63.360001,62.41,62.91,5100200,60.424785
2014-04-30,62.610001,63.369999,62.080002,63.07,7502500,60.578464
2014-04-29,63.34,64.510002,63.00,63.009998,8503100,60.520833
2014-04-28,63.00,63.380001,62.02,62.779999,7738900,60.29992
2014-04-25,63.150002,63.52,62.68,62.860001,7973200,60.376761
2014-04-24,64.739998,64.980003,63.119999,63.490002,10324200,60.981874
2014-04-23,64.150002,65.110001,64.010002,64.720001,13811600,62.163284
2014-04-22,62.82,63.66,62.209999,63.380001,9373600,60.876219
2014-04-21,61.540001,63.880001,61.470001,62.919998,13992300,60.434388
2014-04-17,61.150002,61.459999,60.080002,60.900002,11675200,58.49419
2014-04-16,60.209999,60.740002,60.00,60.50,6413500,58.10999
2014-04-15,59.490002,60.040001,58.880001,59.970001,9410000,57.600929
2014-04-14,57.880001,59.529999,57.799999,59.080002,7298700,56.746088
2014-04-11,57.450001,58.310001,57.130001,57.610001,8030900,55.334158
2014-04-10,58.939999,59.209999,57.709999,57.91,8225300,55.622306
2014-04-09,58.73,58.919998,57.860001,58.790001,5946300,56.467544
2014-04-08,57.509998,58.66,57.389999,58.509998,8215000,56.198602
2014-04-07,59.150002,59.259998,57.360001,57.360001,11201800,55.094035
2014-04-04,60.220001,60.52,59.259998,59.310001,8602100,56.967002
2014-04-03,59.82,60.299999,59.50,59.799999,7054400,57.437643
2014-04-02,59.549999,60.099998,59.360001,59.93,6821800,57.562508
2014-04-01,58.689999,59.650002,58.689999,59.630001,7968700,57.27436
2014-03-31,59.91,59.990002,58.779999,58.889999,7407300,56.563592
2014-03-28,58.380001,59.50,58.00,59.459999,6106700,57.111074
2014-03-27,58.509998,59.099998,57.360001,58.09,10475700,55.795196
2014-03-26,59.189999,59.689999,58.310001,58.369999,6259000,56.064134
2014-03-25,58.34,59.380001,58.18,59.139999,7398300,56.803716
2014-03-24,58.27,58.700001,57.48,57.779999,6163100,55.497441
2014-03-21,57.889999,58.959999,57.59,58.060001,11955100,55.766382
2014-03-20,56.57,57.470001,56.349998,57.360001,5458000,55.094035
2014-03-19,56.75,57.169998,56.349998,56.779999,6058600,54.536945
2014-03-18,56.77,57.09,56.459999,56.900002,5547500,54.652207
2014-03-17,55.459999,56.689999,55.459999,56.619999,6121200,54.383266
2014-03-14,55.220001,55.540001,55.02,55.189999,7917400,53.009757
2014-03-13,55.50,55.790001,54.57,55.25,8788200,53.067388
2014-03-12,55.25,55.50,54.580002,55.389999,8437700,53.201857
2014-03-11,56.599998,57.02,55.43,55.720001,10055500,53.518822
2014-03-10,55.98,56.50,55.75,56.470001,6005400,54.239194
2014-03-07,57.119999,57.119999,55.849998,56.200001,8816900,53.97986
2014-03-06,56.290001,57.23,56.220001,56.919998,5802400,54.671414
2014-03-05,56.860001,57.349998,56.060001,56.189999,7542300,53.970253
2014-03-04,57.02,57.25,56.740002,56.900002,6616700,54.652207
2014-03-03,56.290001,57.130001,56.049999,56.380001,8840000,54.152749
2014-02-28,55.939999,57.419998,55.66,57.00,10221500,54.604179
2014-02-27,55.119999,55.740002,54.849998,55.689999,6897800,53.34924
2014-02-26,55.59,55.950001,55.110001,55.16,6173000,52.841518
2014-02-25,56.029999,56.060001,54.799999,55.580002,11065400,53.243866
2014-02-24,55.849998,57.009998,55.799999,56.369999,9481900,54.000658
2014-02-21,55.549999,55.959999,55.25,55.299999,8785900,52.975633
2014-02-20,54.529999,55.540001,54.450001,55.380001,8761100,53.052272
2014-02-19,53.919998,54.98,53.869999,54.529999,7914300,52.237997
2014-02-18,53.66,54.299999,53.50,54.130001,8515000,51.854812
2014-02-14,53.419998,53.919998,53.259998,53.57,6746700,51.318348
2014-02-13,52.700001,54.029999,52.630001,53.459999,8131500,51.212971
2014-02-12,53.740002,54.00,53.040001,53.119999,11083600,50.887262
2014-02-11,52.18,53.959999,52.119999,53.84,12006000,51.577
2014-02-10,51.939999,52.040001,51.330002,51.869999,8101900,49.689802
2014-02-07,51.09,52.130001,50.98,51.970001,13031400,49.785601
2014-02-06,49.50,50.900002,49.450001,50.759998,13018800,48.626457
2014-02-05,49.369999,49.700001,48.990002,49.27,9686300,47.199087
2014-02-04,48.59,49.50,48.330002,49.360001,10563700,47.285304
2014-02-03,49.07,49.18,47.950001,48.330002,9646000,46.298598
2014-01-31,48.669998,49.43,48.439999,49.009998,9205100,46.950013
2014-01-30,48.779999,49.689999,48.459999,49.439999,9450500,47.361939
2014-01-29,47.959999,48.560001,47.599998,48.200001,10183200,46.174061
2014-01-28,48.66,48.73,47.939999,48.330002,7845300,46.298598
2014-01-27,48.709999,48.970001,47.970001,48.490002,9199300,46.451873
2014-01-24,49.439999,49.439999,48.43,48.610001,12308400,46.566828
2014-01-23,50.610001,50.98,49.860001,50.110001,8907500,48.00378
2014-01-22,50.150002,50.84,49.73,50.540001,9465400,48.415706
2014-01-21,51.189999,51.50,49.060001,49.779999,20956400,47.687649
2014-01-17,51.279999,51.360001,50.48,50.66,9615200,48.530662
2014-01-16,50.509998,50.91,50.299999,50.900002,6671700,48.760576
2014-01-15,50.490002,50.939999,50.150002,50.639999,6307800,48.511502
2014-01-14,49.759998,50.52,49.759998,50.400002,5998500,48.281591
2014-01-13,50.470001,50.490002,49.48,49.580002,6782800,47.496058
2014-01-10,49.52,50.540001,49.43,50.52,8833900,48.396547
2014-01-09,50.169998,50.18,49.189999,49.610001,7931400,47.524796
2014-01-08,50.169998,50.18,49.110001,49.50,9136100,47.419419
2014-01-07,50.68,50.689999,49.880001,50.200001,7746900,48.089997
2014-01-06,50.810001,50.93,49.880001,50.32,8426800,48.204952
2014-01-03,50.02,50.419998,49.939999,50.130001,5323500,48.02294
2014-01-02,50.470001,50.669998,49.630001,50.009998,7414400,47.907981
2013-12-31,50.450001,50.82,50.189999,50.75,5390300,48.616879
2013-12-30,51.099998,51.189999,50.34,50.400002,6476500,48.281591
2013-12-27,51.220001,51.43,51.009998,51.080002,4384800,48.93301
2013-12-26,50.889999,51.349998,50.869999,51.209999,4573900,49.057543
2013-12-24,50.279999,50.889999,50.25,50.68,2438800,48.549821
2013-12-23,50.970001,51.25,50.299999,50.299999,7881100,48.185792
2013-12-20,49.59,50.900002,49.50,50.540001,16973700,48.415706
2013-12-19,49.860001,49.900002,48.709999,49.419998,12961500,47.34278
2013-12-18,49.07,49.98,48.799999,49.91,15076400,47.812186
2013-12-17,50.32,50.459999,49.09,49.349998,11951300,47.275722
2013-12-16,49.73,50.349998,49.619999,50.130001,9297900,48.02294
2013-12-13,49.259998,49.700001,49.009998,49.389999,9402900,47.314042
2013-12-12,49.060001,49.849998,48.849998,49.59,13261500,47.505636
2013-12-11,49.560001,49.959999,48.82,48.990002,13104800,46.930857
2013-12-10,49.560001,50.040001,49.139999,49.43,13570300,47.352361
2013-12-09,50.700001,50.75,49.73,49.91,9755100,47.812186
2013-12-06,51.060001,51.099998,50.349998,50.560001,8582700,48.434866
2013-12-05,50.490002,50.900002,50.209999,50.48,9211600,48.358227
2013-12-04,51.619999,51.720001,49.959999,50.619999,17674300,48.492342
2013-12-03,51.91,52.330002,51.299999,52.02,9242500,49.689806
2013-12-02,52.830002,52.98,51.709999,52.009998,7663200,49.680252
2013-11-29,52.639999,53.34,52.040001,52.68,4336500,50.320242
2013-11-27,52.919998,53.580002,52.16,52.419998,6461400,50.071886
2013-11-26,52.610001,53.32,52.310001,53.18,8794100,50.797845
2013-11-25,54.369999,54.529999,52.599998,52.700001,11315300,50.339346
2013-11-22,54.540001,54.540001,53.880001,54.50,5718000,52.058716
2013-11-21,53.630001,54.360001,53.419998,54.200001,6542800,51.772155
2013-11-20,54.330002,54.330002,53.299999,53.580002,5669300,51.179928
2013-11-19,54.099998,54.599998,53.57,53.759998,7989400,51.351862
2013-11-18,55.990002,56.130001,54.060001,54.330002,9193500,51.896333
2013-11-15,56.470001,56.52,55.799999,56.23,8752200,53.711222
2013-11-14,55.630001,56.459999,55.279999,56.259998,8049600,53.739877
2013-11-13,54.189999,55.540001,53.720001,55.540001,6868400,53.052131
2013-11-12,54.959999,55.080002,54.200001,54.459999,7469100,52.020507
2013-11-11,55.290001,56.150002,55.189999,55.299999,7385400,52.82288
2013-11-08,53.830002,55.32,53.77,55.32,10038900,52.841984
2013-11-07,54.830002,55.369999,53.279999,53.900002,14590100,51.485594
2013-11-06,53.389999,54.50,52.720001,54.400002,14478200,51.963197
2013-11-05,53.709999,53.77,52.849998,53.130001,7257200,50.750085
2013-11-04,53.330002,54.060001,53.00,54.040001,7673500,51.619322
2013-11-01,53.169998,53.349998,52.599998,53.23,5719200,50.845604
2013-10-31,53.189999,53.669998,52.84,53.029999,6521200,50.654562
2013-10-30,53.400002,53.939999,52.759998,53.259998,8665400,50.874259
2013-10-29,52.130001,53.290001,52.09,53.25,7820400,50.864709
2013-10-28,51.759998,52.18,51.540001,52.029999,7116900,49.699357
2013-10-25,51.259998,51.810001,51.23,51.689999,6719000,49.374586
2013-10-24,50.950001,51.189999,50.169998,51.099998,6238400,48.811015
2013-10-23,51.48,51.52,50.560001,50.740002,8768300,48.467144
2013-10-22,50.91,52.080002,50.900002,51.779999,10425300,49.460555
2013-10-21,51.07,51.84,50.400002,50.66,14532700,48.390726
2013-10-18,52.389999,52.93,52.099998,52.470001,12041500,50.119649
2013-10-17,51.91,52.009998,51.490002,51.720001,6336700,49.403245
2013-10-16,51.349998,52.119999,51.029999,51.970001,7760100,49.642046
2013-10-15,51.240002,51.509998,50.50,51.16,7442600,48.868328
2013-10-14,50.349998,51.419998,50.139999,51.349998,5789300,49.049816
2013-10-11,49.700001,51.040001,49.540001,50.669998,8187700,48.400276
2013-10-10,49.009998,50.110001,48.959999,50.00,7196800,47.76029
2013-10-09,48.919998,49.080002,48.080002,48.560001,7397900,46.384795
2013-10-08,49.049999,49.639999,48.490002,48.66,6477500,46.480314
2013-10-07,48.740002,49.52,48.599998,49.02,6676200,46.824189
2013-10-04,48.400002,49.400002,48.07,49.060001,5653100,46.862398
2013-10-03,49.060001,49.290001,48.110001,48.400002,6842200,46.231962
2013-10-02,48.43,49.099998,48.200001,49.09,5823900,46.891053
2013-10-01,48.110001,48.740002,47.990002,48.599998,6485300,46.423
2013-09-30,47.939999,48.490002,47.459999,48.150002,6375300,45.993161
2013-09-27,48.240002,48.50,47.959999,48.389999,7780200,46.222408
2013-09-26,48.869999,49.25,48.509998,48.709999,5834000,46.528074
2013-09-25,49.200001,49.27,48.619999,48.880001,6331800,46.69046
2013-09-24,48.400002,49.110001,48.099998,48.75,7511800,46.566283
2013-09-23,49.200001,49.34,48.349998,48.389999,8823100,46.222408
2013-09-20,49.700001,49.880001,49.310001,49.34,10457400,47.129854
2013-09-19,49.98,50.029999,49.41,49.540001,9056700,47.320896
2013-09-18,49.720001,50.25,48.98,49.75,9290600,47.521488
2013-09-17,49.720001,49.990002,49.290001,49.669998,7998600,47.44507
2013-09-16,49.98,50.380001,49.619999,49.82,5507100,47.588353
2013-09-13,49.279999,49.740002,48.98,49.689999,6619100,47.464175
2013-09-12,49.439999,49.720001,48.959999,49.200001,9579300,46.996126
2013-09-11,49.400002,50.34,49.330002,50.189999,10282500,47.941778
2013-09-10,50.34,50.50,50.00,50.32,6717100,48.065955
2013-09-09,49.240002,50.48,49.23,50.259998,7852400,48.008642
2013-09-06,49.84,50.27,49.380001,49.540001,7976000,47.320896
2013-09-05,49.279999,50.139999,49.240002,49.77,9242100,47.540593
2013-09-04,48.849998,49.41,48.48,49.080002,9142000,46.881502
2013-09-03,48.349998,48.540001,47.98,48.299999,6959000,46.136439
2013-08-30,48.25,48.400002,47.91,48.00,9771100,45.849878
2013-08-29,49.00,49.049999,48.23,48.540001,10592400,46.246288
2013-08-28,48.07,49.279999,48.049999,48.900002,9910700,46.589277
2013-08-27,47.98,48.720001,47.68,48.130001,13077900,45.855662
2013-08-26,48.73,49.369999,48.380001,48.439999,11125800,46.151011
2013-08-23,47.310001,48.77,47.150002,48.709999,39570600,46.408253
2013-08-22,47.189999,47.970001,47.009998,47.82,22194700,45.560309
2013-08-21,47.220001,47.50,46.91,46.98,18657500,44.760003
2013-08-20,46.599998,47.66,46.48,47.349998,15038500,45.112518
2013-08-19,46.830002,47.189999,46.549999,46.650002,12593000,44.445598
2013-08-16,46.580002,46.98,46.540001,46.950001,7932300,44.731421
2013-08-15,46.50,46.779999,46.27,46.68,6940000,44.47418
2013-08-14,46.669998,46.990002,46.529999,46.82,6822700,44.607563
2013-08-13,46.189999,46.990002,46.150002,46.580002,8428900,44.378906
2013-08-12,45.73,46.189999,45.619999,46.02,5256000,43.845367
2013-08-09,46.18,46.490002,45.720001,46.029999,5217300,43.854893
2013-08-08,45.830002,46.50,45.830002,46.139999,8820900,43.959696
2013-08-07,45.57,45.799999,45.34,45.529999,5349000,43.37852
2013-08-06,45.880001,46.09,45.540001,45.849998,6140500,43.683399
2013-08-05,46.16,46.25,45.759998,46.049999,4540300,43.873949
2013-08-02,46.279999,46.48,46.049999,46.299999,5334400,44.112135
2013-08-01,45.720001,46.48,45.669998,46.41,9103900,44.216938
2013-07-31,45.189999,45.619999,44.959999,45.189999,8361000,43.054587
2013-07-30,45.59,45.59,44.939999,45.23,8186000,43.092697
2013-07-29,45.73,45.849998,45.330002,45.529999,11513200,43.37852
2013-07-26,46.450001,46.50,45.540001,45.98,23511800,43.807257
2013-07-25,44.639999,45.139999,43.779999,44.34,12311500,42.244754
2013-07-24,45.639999,45.779999,44.619999,44.82,8235500,42.702072
2013-07-23,45.619999,46.240002,45.52,45.580002,10811500,43.426161
2013-07-22,46.09,46.66,44.810001,45.080002,17306100,42.949788
2013-07-19,45.099998,45.990002,44.93,45.830002,15152600,43.664347
2013-07-18,44.220001,44.93,44.16,44.740002,9194700,42.625854
2013-07-17,43.639999,44.23,43.639999,44.139999,8307200,42.054204
2013-07-16,44.189999,44.32,43.43,43.630001,5608500,41.568305
2013-07-15,44.669998,44.689999,43.799999,44.110001,7297400,42.025623
2013-07-12,44.07,44.669998,43.970001,44.639999,5130100,42.530577
2013-07-11,44.75,44.869999,43.669998,44.18,7294200,42.092315
2013-07-10,44.23,44.779999,43.889999,44.130001,7701900,42.044678
2013-07-09,44.310001,44.57,44.049999,44.310001,8330000,42.216173
2013-07-08,44.00,44.200001,43.650002,43.919998,7504800,41.844599
2013-07-05,43.009998,43.830002,42.66,43.709999,6012600,41.644523
2013-07-03,42.77,43.299999,42.560001,42.650002,3763500,40.634615
2013-07-02,42.439999,43.34,42.41,42.790001,9175200,40.767999
2013-07-01,42.029999,42.619999,41.860001,42.450001,8623600,40.444065
2013-06-28,41.700001,42.18,41.50,41.720001,9596000,39.748561
2013-06-27,41.669998,42.099998,41.610001,41.84,6787000,39.862889
2013-06-26,41.490002,41.799999,41.200001,41.470001,8239400,39.510374
2013-06-25,41.450001,41.75,40.959999,41.150002,10533200,39.205496
2013-06-24,41.209999,41.43,40.119999,40.950001,11160800,39.014946
2013-06-21,42.099998,42.25,41.189999,41.790001,10237300,39.815253
2013-06-20,42.459999,42.59,41.619999,41.799999,11031200,39.824778
2013-06-19,43.990002,44.349998,43.049999,43.049999,9389500,41.015711
2013-06-18,43.630001,44.470001,43.630001,44.07,9805800,41.987512
2013-06-17,43.360001,43.939999,43.240002,43.619999,6744700,41.558776
2013-06-14,43.380001,43.50,42.68,42.93,7506300,40.901382
2013-06-13,41.66,43.200001,41.66,43.080002,7249600,41.044296
2013-06-12,42.369999,42.59,41.599998,41.610001,6973000,39.643758
2013-06-11,42.220001,42.619999,41.830002,42.040001,6636100,40.053439
2013-06-10,43.32,43.34,42.59,42.82,6137000,40.79658
2013-06-07,42.57,43.25,42.25,43.16,7278800,41.120514
2013-06-06,41.830002,42.380001,41.380001,42.349998,7738000,40.348788
2013-06-05,41.900002,42.119999,41.68,41.759998,9560500,39.786668
2013-06-04,42.290001,42.869999,41.77,41.990002,10579400,40.005803
2013-06-03,41.93,42.43,41.549999,42.389999,8135900,40.386899
2013-05-31,42.41,42.68,41.849998,41.849998,9361200,39.753322
2013-05-30,42.68,43.060001,42.029999,42.630001,15691400,40.494247
2013-05-29,42.990002,43.759998,42.959999,43.57,6382500,41.387152
2013-05-28,43.799999,43.950001,43.259998,43.369999,9242700,41.197171
2013-05-24,43.360001,43.360001,42.580002,43.02,8454300,40.864707
2013-05-23,42.450001,43.639999,41.91,43.52,11128200,41.339658
2013-05-22,44.799999,45.060001,43.720001,44.02,13220800,41.814608
2013-05-21,45.580002,45.75,43.900002,44.830002,17697000,42.584028
2013-05-20,45.02,45.630001,44.900002,45.549999,8296100,43.267954
2013-05-17,44.630001,45.25,44.41,45.25,13349100,42.982984
2013-05-16,44.110001,44.439999,43.73,43.849998,8220100,41.653123
2013-05-15,43.959999,44.27,43.150002,44.130001,9650000,41.919097
2013-05-14,43.560001,44.57,43.389999,44.200001,11697100,41.98559
2013-05-13,43.130001,43.630001,43.130001,43.560001,8863600,41.377654
2013-05-10,43.200001,43.400002,42.759998,43.389999,8941800,41.21617
2013-05-09,43.630001,43.75,43.259998,43.560001,6692000,41.377654
2013-05-08,43.400002,43.790001,43.060001,43.700001,6786400,41.51064
2013-05-07,43.25,43.790001,42.880001,43.419998,8226600,41.244665
2013-05-06,42.459999,43.310001,42.450001,43.060001,7956000,40.902704
2013-05-03,42.790001,43.240002,42.450001,42.549999,11371600,40.418253
2013-05-02,42.209999,42.599998,41.84,42.400002,12116500,40.27577
2013-05-01,42.00,42.330002,41.689999,42.080002,12828500,39.971803
2013-04-30,41.599998,42.82,41.560001,42.77,21264500,40.627232
2013-04-29,40.869999,41.98,40.459999,41.57,11177800,39.487351
2013-04-26,40.540001,40.849998,40.16,40.57,6921300,38.537451
2013-04-25,41.040001,41.599998,40.66,40.75,10034500,38.708434
2013-04-24,40.32,41.799999,40.27,40.919998,16266800,38.869915
2013-04-23,39.450001,39.98,38.990002,39.689999,14164700,37.701538
2013-04-22,38.959999,39.41,38.049999,39.290001,26107600,37.32158
2013-04-19,38.07,38.490002,36.77,37.209999,20005200,35.345786
2013-04-18,37.77,38.369999,37.07,37.709999,15817700,35.820736
2013-04-17,39.220001,39.240002,37.450001,37.689999,17464900,35.801738
2013-04-16,39.099998,39.77,38.560001,39.689999,9736300,37.701538
2013-04-15,40.09,40.209999,38.549999,38.66,13480400,36.723142
2013-04-12,40.790001,40.93,40.080002,40.860001,9617600,38.812923
2013-04-11,40.52,41.240002,40.110001,41.169998,10107800,39.10739
2013-04-10,39.150002,40.68,39.139999,40.389999,10959200,38.366469
2013-04-09,38.470001,39.27,38.18,39.110001,8500100,37.150598
2013-04-08,38.540001,38.66,38.139999,38.41,10549100,36.485667
2013-04-05,37.98,38.73,37.799999,38.599998,14112900,36.666147
2013-04-04,38.75,38.84,38.189999,38.540001,10368000,36.609155
2013-04-03,39.939999,40.060001,38.450001,38.75,12981100,36.808633
2013-04-02,39.93,40.389999,39.580002,39.889999,6905900,37.891519
2013-04-01,40.349998,40.439999,39.459999,39.93,6883800,37.929516
2013-03-28,40.580002,40.709999,40.119999,40.41,7127300,38.385467
2013-03-27,39.970001,40.889999,39.630001,40.66,8292000,38.622942
2013-03-26,39.810001,40.18,39.709999,40.130001,11004100,38.119496
2013-03-25,39.599998,39.849998,39.18,39.650002,9896600,37.663545
2013-03-22,39.529999,39.900002,39.00,39.16,14746700,37.198092
2013-03-21,39.50,40.07,39.360001,39.470001,10908900,37.492562
2013-03-20,40.00,40.119999,38.869999,39.439999,13612200,37.464063
2013-03-19,40.77,40.93,38.830002,39.619999,27771200,37.635045
2013-03-18,41.16,41.799999,40.48,40.73,13678500,38.689435
2013-03-15,42.349998,42.639999,41.880001,41.900002,14422300,39.80082
2013-03-14,41.959999,42.639999,41.639999,42.540001,8682900,40.408756
2013-03-13,41.990002,42.380001,41.639999,41.84,8238000,39.743825
2013-03-12,42.049999,42.549999,41.709999,41.959999,7073100,39.857812
2013-03-11,41.900002,42.27,41.599998,42.00,9046800,39.895809
2013-03-08,41.779999,42.220001,41.48,42.080002,11000000,39.971803
2013-03-07,41.060001,41.43,40.470001,41.41,9665300,39.335368
2013-03-06,41.459999,41.459999,40.349998,40.799999,6608500,38.755928
2013-03-05,40.150002,41.02,40.00,41.00,9076100,38.945909
2013-03-04,40.189999,40.50,39.52,39.959999,9178600,37.958012
2013-03-01,41.169998,41.360001,40.470001,40.630001,9560400,38.475709
2013-02-28,41.23,41.98,40.919998,41.509998,9743900,39.309047
2013-02-27,40.099998,41.400002,40.060001,41.27,9178400,39.081774
2013-02-26,40.02,40.68,39.490002,40.490002,9852400,38.343132
2013-02-25,41.400002,41.75,39.75,39.849998,9781100,37.737064
2013-02-22,40.91,41.189999,40.330002,41.110001,9084700,38.930258
2013-02-21,41.360001,41.43,40.259998,40.77,18733900,38.608285
2013-02-20,42.860001,42.950001,41.549999,41.619999,15690700,39.413215
2013-02-19,43.540001,43.959999,42.59,42.810001,15348600,40.540121
2013-02-15,43.00,43.200001,42.240002,42.700001,19390900,40.435953
2013-02-14,40.720001,43.959999,40.720001,43.32,26174900,41.023078
2013-02-13,40.830002,41.099998,40.630001,40.84,6008600,38.674573
2013-02-12,40.990002,41.150002,40.639999,40.709999,5599700,38.551465
2013-02-11,41.240002,41.439999,40.73,40.869999,8821200,38.702981
2013-02-08,40.869999,41.349998,40.810001,41.259998,8003200,39.072302
2013-02-07,40.419998,40.830002,40.150002,40.830002,9551200,38.665105
2013-02-06,40.599998,40.900002,39.549999,40.310001,14909000,38.172676
2013-02-05,41.080002,41.25,40.669998,40.91,10153300,38.740861
2013-02-04,40.700001,41.040001,40.549999,40.860001,11734400,38.693513
2013-02-01,40.990002,41.240002,40.490002,41.080002,10022800,38.90185
2013-01-31,40.029999,40.93,39.880001,40.68,14938200,38.523057
2013-01-30,40.799999,40.900002,40.02,40.200001,15532200,38.068508
2013-01-29,40.290001,41.060001,40.189999,40.880001,14977400,38.712453
2013-01-28,40.150002,40.650002,39.880001,40.279999,13923500,38.144264
2013-01-25,39.549999,40.279999,39.32,39.720001,32627000,37.613959
2013-01-24,37.790001,38.330002,37.450001,37.810001,11012700,35.805232
2013-01-23,37.68,38.139999,37.290001,37.790001,9260200,35.786292
2013-01-22,37.540001,38.200001,37.459999,37.93,13819300,35.918868
2013-01-18,36.560001,37.560001,36.459999,37.50,17312400,35.511667
2013-01-17,36.389999,36.43,35.869999,36.299999,10937500,34.375293
2013-01-16,36.07,36.43,36.029999,36.259998,5339100,34.337413
2013-01-15,35.84,36.299999,35.77,36.18,6753100,34.261657
2013-01-14,36.599998,36.91,35.709999,35.91,10320800,34.005972
2013-01-11,36.830002,36.959999,36.240002,36.619999,8333800,34.678326
2013-01-10,36.66,36.959999,36.419998,36.900002,9953400,34.943482
2013-01-09,36.240002,36.599998,36.080002,36.48,8379200,34.545749
2013-01-08,36.290001,36.57,35.709999,36.189999,12052900,34.271125
2013-01-07,36.400002,36.889999,36.299999,36.650002,7676400,34.706738
2013-01-04,36.389999,36.790001,36.27,36.650002,8152700,34.706738
2013-01-03,35.68,36.73,35.470001,36.310001,16641200,34.384765
2013-01-02,35.48,35.73,35.07,35.709999,10230700,33.816576
2012-12-31,33.880001,34.75,33.740002,34.689999,8671800,32.850658
2012-12-28,34.23,34.34,33.900002,34.009998,5808200,32.206713
2012-12-27,34.650002,34.700001,34.119999,34.599998,7843300,32.76543
2012-12-26,34.669998,34.900002,34.450001,34.709999,6315700,32.869598
2012-12-24,34.57,34.650002,34.450001,34.52,3874600,32.689674
2012-12-21,34.860001,34.990002,34.380001,34.709999,14700600,32.869598
2012-12-20,34.57,35.220001,34.549999,35.130001,11044000,33.267331
2012-12-19,34.939999,35.380001,34.57,34.610001,9900600,32.774902
2012-12-18,33.07,35.09,33.02,34.799999,16580300,32.954827
2012-12-17,33.490002,33.669998,33.189999,33.540001,8022200,31.761636
2012-12-14,32.91,33.57,32.82,33.389999,12903600,31.619588
2012-12-13,33.98,34.060001,33.299999,33.509998,8355700,31.733224
2012-12-12,34.18,34.360001,33.91,34.049999,8656900,32.244593
2012-12-11,33.779999,34.130001,33.59,33.990002,7754700,32.187777
2012-12-10,33.799999,34.09,33.619999,33.66,6998900,31.875272
2012-12-07,33.669998,33.939999,33.509998,33.779999,8211600,31.988909
2012-12-06,33.34,33.650002,33.189999,33.580002,10541400,31.799516
2012-12-05,33.18,33.59,33.00,33.50,10149800,31.723756
2012-12-04,32.939999,33.490002,32.880001,33.060001,9296400,31.307087
2012-12-03,33.50,33.689999,32.990002,33.080002,7689600,31.240799
2012-11-30,32.959999,33.450001,32.830002,33.349998,11729700,31.495785
2012-11-29,32.52,33.18,32.52,32.919998,11756700,31.089692
2012-11-28,31.799999,32.439999,31.41,32.41,11387800,30.608049
2012-11-27,32.02,32.400002,31.91,32.040001,8547500,30.258621
2012-11-26,31.91,32.200001,31.690001,32.040001,9348400,30.258621
2012-11-23,31.860001,32.119999,31.68,32.080002,3973200,30.296398
2012-11-21,31.66,31.84,31.42,31.700001,7361300,29.937525
2012-11-20,31.360001,31.74,31.24,31.709999,11821400,29.946967
2012-11-19,31.17,31.75,31.07,31.709999,12401700,29.946967
2012-11-16,30.41,30.549999,29.91,30.459999,14452300,28.766465
2012-11-15,30.34,30.93,30.00,30.360001,13322500,28.672027
2012-11-14,30.57,30.700001,29.83,29.950001,18150600,28.284822
2012-11-13,30.23,31.01,30.059999,30.389999,13481100,28.700357
2012-11-12,30.549999,30.889999,30.40,30.65,6406300,28.945902
2012-11-09,30.40,30.82,30.10,30.559999,19538200,28.860906
2012-11-08,31.709999,31.75,30.440001,30.48,15614700,28.785354
2012-11-07,32.209999,32.209999,30.35,31.709999,16495800,29.946967
2012-11-06,32.50,32.880001,32.119999,32.759998,9936600,30.938588
2012-11-05,31.639999,32.560001,31.639999,32.290001,8049700,30.494722
2012-11-02,33.040001,33.07,31.75,32.110001,11363100,30.324729
2012-11-01,32.299999,32.82,32.240002,32.68,10104900,30.863037
2012-10-31,32.66,32.77,31.92,32.290001,9570600,30.494722
2012-10-26,32.860001,33.060001,32.330002,32.400002,9399500,30.598606
2012-10-25,33.110001,33.16,32.509998,32.919998,11991800,31.089692
2012-10-24,33.540001,33.619999,32.599998,32.709999,11081800,30.891368
2012-10-23,33.91,34.029999,32.950001,33.470001,16263700,31.609115
2012-10-22,34.959999,35.07,34.09,34.560001,11934100,32.638513
2012-10-19,35.610001,35.939999,34.889999,34.98,16597500,33.03516
2012-10-18,35.16,36.00,35.00,35.650002,19893800,33.667911
2012-10-17,33.619999,35.650002,33.580002,35.32,27171700,33.356257
2012-10-16,34.139999,34.779999,34.00,34.560001,13871100,32.638513
2012-10-15,33.790001,33.98,33.400002,33.84,8130600,31.958543
2012-10-12,33.830002,34.09,33.34,33.799999,8224100,31.920766
2012-10-11,33.810001,34.27,33.540001,33.970001,8236100,32.081316
2012-10-10,33.84,34.00,33.360001,33.50,8482100,31.637446
2012-10-09,33.68,34.18,33.619999,33.869999,8896700,31.986874
2012-10-08,33.200001,33.75,33.189999,33.630001,5110600,31.76022
2012-10-05,34.139999,34.23,33.310001,33.419998,9632800,31.561893
2012-10-04,33.259998,34.060001,33.189999,33.970001,14596900,32.081316
2012-10-03,33.919998,33.959999,32.900002,33.009998,19460700,31.174688
2012-10-02,33.779999,34.080002,33.549999,34.07,14926500,32.175755
2012-10-01,33.93,34.029999,33.459999,33.669998,15269100,31.797993
2012-09-28,34.09,34.099998,33.50,33.689999,11070400,31.816881
2012-09-27,34.189999,34.310001,33.610001,34.220001,10134100,32.317416
2012-09-26,34.549999,34.549999,33.59,33.919998,15655500,32.034093
2012-09-25,35.619999,35.75,34.669998,34.77,16349700,32.836837
2012-09-24,35.119999,35.84,35.110001,35.490002,9101800,33.516807
2012-09-21,36.849998,36.869999,35.82,35.84,13979500,33.847346
2012-09-20,35.830002,36.220001,35.32,36.130001,16723900,34.121223
2012-09-19,36.59,36.75,36.09,36.41,13569800,34.385654
2012-09-18,36.779999,36.84,36.200001,36.57,13420500,34.536758
2012-09-17,37.360001,37.869999,37.040001,37.220001,11918000,35.150621
2012-09-14,37.00,38.00,36.860001,37.439999,17074300,35.358386
2012-09-13,35.77,36.82,35.509998,36.439999,15884300,34.413985
2012-09-12,35.650002,36.00,35.459999,35.73,15729500,33.743461
2012-09-11,34.34,35.52,34.099998,35.349998,17564500,33.384587
2012-09-10,34.419998,34.720001,34.240002,34.27,10914500,32.364636
2012-09-07,33.169998,34.419998,33.049999,34.240002,18563100,32.336305
2012-09-06,32.66,33.110001,32.599998,32.959999,10765100,31.127469
2012-09-05,32.049999,32.73,31.91,32.41,11094800,30.608049
2012-09-04,32.740002,32.75,31.00,32.150002,25613300,30.362506
2012-08-31,33.110001,33.119999,32.41,32.759998,11950800,30.938588
2012-08-30,33.169998,33.240002,32.48,32.810001,12587800,30.900815
2012-08-29,34.330002,34.330002,33.43,33.509998,10381700,31.56008
2012-08-28,34.299999,34.369999,33.82,34.080002,7129400,32.096915
2012-08-27,34.27,34.759998,34.02,34.450001,6926800,32.445384
2012-08-24,33.98,34.330002,33.630001,34.27,8439500,32.275858
2012-08-23,34.650002,34.849998,34.110001,34.150002,10183800,32.162842
2012-08-22,34.990002,35.48,34.560001,34.669998,15007800,32.65258
2012-08-21,35.110001,35.48,35.040001,35.16,9170100,33.114069
2012-08-20,34.880001,35.150002,34.82,35.00,4963300,32.96338
2012-08-17,35.34,35.389999,35.029999,35.119999,8062500,33.076396
2012-08-16,34.759998,35.349998,34.639999,35.299999,10672200,33.245922
2012-08-15,34.639999,34.700001,33.970001,34.580002,10933800,32.567821
2012-08-14,35.27,35.450001,34.759998,34.849998,10369200,32.822107
2012-08-13,34.990002,35.240002,34.66,35.040001,7433000,33.001053
2012-08-10,34.810001,35.220001,34.630001,35.189999,8956100,33.142322
2012-08-09,34.599998,35.240002,34.529999,35.049999,11410000,33.010469
2012-08-08,34.189999,34.630001,34.09,34.619999,9801000,32.60549
2012-08-07,34.060001,34.93,33.98,34.389999,14953400,32.388874
2012-08-06,33.849998,34.139999,33.75,33.82,8435200,31.852043
2012-08-03,33.509998,34.07,33.360001,33.759998,10197100,31.795533
2012-08-02,33.080002,33.41,32.439999,32.860001,13568700,30.947905
2012-08-01,33.369999,33.639999,33.009998,33.41,10710600,31.4659
2012-07-31,33.57,33.790001,32.93,33.130001,14764600,31.202194
2012-07-30,33.349998,33.939999,33.049999,33.549999,10556400,31.597753
2012-07-27,32.869999,33.880001,32.529999,33.619999,22283700,31.66368
2012-07-26,31.84,32.720001,31.75,32.560001,20172200,30.665362
2012-07-25,31.74,31.84,31.02,31.299999,10859400,29.478679
2012-07-24,31.700001,31.85,31.02,31.549999,18610800,29.714131
2012-07-23,30.10,31.75,29.25,31.51,25589700,29.67646
2012-07-20,30.809999,31.51,30.59,30.77,30622800,28.97952
2012-07-19,30.450001,30.549999,30.049999,30.209999,13949200,28.452105
2012-07-18,29.27,30.290001,29.190001,30.17,16363800,28.414433
2012-07-17,29.139999,29.52,28.50,29.40,12258400,27.689239
2012-07-16,28.77,29.219999,28.299999,29.00,9568500,27.312515
2012-07-13,28.450001,28.889999,28.450001,28.799999,8773400,27.124152
2012-07-12,28.110001,28.65,27.620001,28.41,13217000,26.756846
2012-07-11,28.389999,28.77,28.290001,28.530001,11948400,26.869864
2012-07-10,29.16,29.450001,28.08,28.360001,13828800,26.709756
2012-07-09,29.15,29.41,28.790001,29.00,11892300,27.312515
2012-07-06,29.00,29.370001,28.799999,29.299999,10497900,27.595057
2012-07-05,29.709999,29.940001,29.32,29.559999,12762200,27.839928
2012-07-03,28.870001,29.959999,28.82,29.940001,13742200,28.197817
2012-07-02,28.459999,28.860001,28.290001,28.60,14042600,26.935791
2012-06-29,28.40,28.610001,28.10,28.389999,17674200,26.738009
2012-06-28,27.360001,27.799999,27.09,27.690001,15980500,26.078743
2012-06-27,26.860001,27.360001,26.610001,27.209999,19012800,25.626672
2012-06-26,27.01,27.02,26.280001,26.700001,19010800,25.14635
2012-06-25,27.40,27.459999,26.549999,26.98,18808300,25.410056
2012-06-22,28.629999,28.629999,27.799999,27.799999,23607200,26.182341
2012-06-21,29.41,29.49,28.290001,28.35,21239700,26.700338
2012-06-20,29.26,29.85,29.129999,29.57,15168700,27.849346
2012-06-19,29.26,29.809999,28.99,29.389999,12783600,27.67982
2012-06-18,29.190001,29.23,28.65,28.959999,13439800,27.274841
2012-06-15,29.049999,29.530001,28.67,29.450001,18266200,27.73633
2012-06-14,28.25,28.83,28.040001,28.68,14899000,27.011135
2012-06-13,27.870001,28.549999,27.76,28.219999,15429100,26.577901
2012-06-12,27.77,28.209999,27.530001,28.129999,13702200,26.493138
2012-06-11,28.33,28.370001,27.50,27.50,12783600,25.899798
2012-06-08,27.98,28.030001,27.450001,27.959999,18602100,26.33303
2012-06-07,28.370001,28.799999,27.809999,28.129999,31124500,26.493138
2012-06-06,29.469999,30.00,27.57,28.10,48214300,26.464885
2012-06-05,29.290001,29.68,28.799999,29.120001,17569000,27.425533
2012-06-04,29.940001,30.139999,28.629999,29.52,19115700,27.802257
2012-06-01,29.42,30.379999,29.17,29.969999,16646100,28.141306
2012-05-31,30.459999,30.50,29.10,30.059999,18197900,28.225815
2012-05-30,31.540001,31.540001,30.23,30.360001,16281200,28.507511
2012-05-29,31.77,32.400002,31.629999,32.009998,10241900,30.05683
2012-05-25,31.42,31.799999,31.26,31.370001,7217000,29.455883
2012-05-24,31.389999,31.559999,30.91,31.41,14521500,29.493442
2012-05-23,30.370001,31.360001,30.07,31.32,15157200,29.408933
2012-05-22,31.219999,31.74,30.549999,30.780001,12558500,28.901883
2012-05-21,30.16,31.24,30.049999,31.17,11214200,29.268086
2012-05-18,30.16,30.459999,29.809999,29.93,13135200,28.103748
2012-05-17,30.219999,30.59,29.92,30.00,14768900,28.169476
2012-05-16,30.620001,31.200001,30.15,30.200001,12857700,28.357274
2012-05-15,31.49,31.52,30.360001,30.58,15827200,28.714086
2012-05-14,31.549999,31.92,31.209999,31.58,12202500,29.653069
2012-05-11,32.040001,32.560001,31.799999,31.83,11797900,29.887814
2012-05-10,32.84,33.00,32.220001,32.310001,12140500,30.338527
2012-05-09,32.060001,32.720001,31.77,32.419998,13769400,30.441812
2012-05-08,32.060001,32.740002,31.59,32.689999,14580100,30.695338
2012-05-07,32.490002,32.740002,31.969999,32.419998,11078300,30.441812
2012-05-04,33.68,33.75,32.48,32.529999,18077600,30.545101
2012-05-03,34.599998,34.73,33.849998,34.060001,12065100,31.981747
2012-05-02,34.610001,35.00,34.27,34.490002,11637300,32.38551
2012-05-01,34.259998,35.32,34.080002,35.029999,19187800,32.892557
2012-04-30,33.099998,34.23,33.099998,34.220001,14076800,32.131984
2012-04-27,33.529999,33.540001,32.860001,33.240002,12722300,31.211781
2012-04-26,33.290001,33.740002,33.200001,33.450001,12491400,31.408967
2012-04-25,33.799999,33.98,33.169998,33.540001,13809000,31.493475
2012-04-24,33.200001,33.82,32.779999,33.380001,14507200,31.343238
2012-04-23,32.689999,33.27,32.450001,32.950001,11339300,30.939476
2012-04-20,34.259998,34.68,33.220001,33.290001,17008800,31.25873
2012-04-19,34.459999,35.07,33.709999,33.98,22451600,31.906626
2012-04-18,33.150002,34.299999,33.150002,34.169998,29550800,32.085032
2012-04-17,32.509998,32.849998,32.240002,32.66,13413200,30.66717
2012-04-16,32.490002,32.75,31.83,32.060001,16348700,30.103782
2012-04-13,33.049999,33.139999,32.369999,32.41,12993900,30.432424
2012-04-12,32.27,33.27,32.16,33.18,14202600,31.155441
2012-04-11,32.50,32.779999,32.060001,32.130001,13399700,30.16951
2012-04-10,32.389999,32.41,31.620001,31.99,16565600,30.038051
2012-04-09,32.290001,32.900002,32.139999,32.380001,11822600,30.404256
2012-04-05,32.880001,33.200001,32.50,32.77,13234700,30.770458
2012-04-04,33.049999,33.52,32.880001,33.00,10084600,30.986424
2012-04-03,33.34,33.66,32.970001,33.599998,12403300,31.549812
2012-04-02,33.00,33.779999,32.959999,33.450001,13420700,31.408967
2012-03-30,32.799999,33.50,32.700001,33.189999,14056500,31.164829
2012-03-29,32.16,32.82,32.07,32.77,11588600,30.770458
2012-03-28,32.619999,32.799999,32.02,32.48,14683600,30.498153
2012-03-27,33.77,33.810001,32.639999,32.830002,18698500,30.826799
2012-03-26,33.77,33.919998,33.32,33.650002,14824100,31.596764
2012-03-23,33.09,33.77,32.970001,33.419998,19162400,31.380795
2012-03-22,33.66,33.77,32.599998,32.98,23983200,30.967644
2012-03-21,34.09,34.450001,33.849998,34.130001,20965700,32.047475
2012-03-20,34.630001,34.84,34.259998,34.759998,14828500,32.639032
2012-03-19,34.68,35.299999,34.400002,35.00,13140300,32.864389
2012-03-16,34.110001,34.779999,33.830002,34.540001,18628800,32.432458
2012-03-15,34.349998,34.41,33.700001,33.91,18789900,31.840898
2012-03-14,35.25,35.259998,34.07,34.18,18799100,32.094424
2012-03-13,34.98,35.43,34.509998,35.34,16924700,33.183643
2012-03-12,34.77,34.880001,34.259998,34.700001,11049200,32.582695
2012-03-09,34.98,35.290001,34.689999,34.880001,8917000,32.751712
2012-03-08,34.540001,35.18,34.419998,34.779999,11491700,32.657812
2012-03-07,34.380001,34.540001,33.939999,34.209999,10796800,32.122592
2012-03-06,34.41,34.439999,33.810001,34.130001,16576100,32.047475
2012-03-05,36.110001,36.139999,34.950001,35.07,17336100,32.930118
2012-03-02,36.599998,36.73,35.68,36.049999,14188800,33.765812
2012-03-01,36.889999,37.009998,36.43,36.50,13967000,34.1873
2012-02-29,37.880001,37.959999,36.43,36.59,16792600,34.271598
2012-02-28,37.98,37.98,37.369999,37.68,10164200,35.292534
2012-02-27,38.310001,38.360001,37.330002,37.75,12344500,35.358098
2012-02-24,38.66,39.189999,38.32,38.509998,11639200,36.069941
2012-02-23,38.73,38.799999,37.939999,38.209999,13727600,35.788951
2012-02-22,37.130001,38.389999,37.060001,38.240002,16790200,35.817052
2012-02-21,36.630001,37.599998,36.360001,37.029999,18143900,34.683717
2012-02-17,36.110001,36.490002,35.490002,36.290001,13097600,33.990607
2012-02-16,35.200001,35.799999,34.830002,35.639999,15364000,33.38179
2012-02-15,35.700001,36.16,35.130001,35.23,16821700,32.997769
2012-02-14,36.080002,36.200001,35.32,35.700001,9812400,33.43799
2012-02-13,36.630001,36.68,35.779999,36.139999,11508600,33.85011
2012-02-10,36.400002,36.50,35.82,36.060001,12867900,33.77518
2012-02-09,37.23,37.23,36.509998,36.77,13626500,34.440193
2012-02-08,37.27,37.50,36.619999,37.02,12601300,34.674352
2012-02-07,37.450001,37.50,36.419998,37.00,16805600,34.655619
2012-02-06,36.740002,37.400002,36.400002,37.400002,12754100,35.030276
2012-02-03,37.220001,37.220001,36.560001,36.830002,13009400,34.496392
2012-02-02,36.810001,36.91,36.119999,36.540001,12029200,34.224766
2012-02-01,37.27,37.369999,36.610001,36.639999,14331900,34.318429
2012-01-31,37.150002,37.950001,36.290001,36.779999,23083300,34.449558
2012-01-30,36.639999,36.799999,36.00,36.669998,13561900,34.346527
2012-01-27,37.389999,37.740002,36.970001,37.099998,24529000,34.749282
2012-01-26,36.849998,37.369999,36.00,36.16,19137000,33.868843
2012-01-25,36.189999,36.50,35.299999,36.41,22340000,34.103002
2012-01-24,35.150002,36.689999,34.82,36.360001,24949000,34.056171
2012-01-23,35.380001,35.50,34.599998,35.439999,33438300,33.194462
2012-01-20,36.75,37.00,35.599998,36.200001,23373700,33.906309
2012-01-19,35.279999,36.740002,35.25,36.25,23745800,33.95314
2012-01-18,33.91,35.029999,33.790001,34.990002,14434600,32.772978
2012-01-17,34.57,34.869999,33.639999,33.860001,18438600,31.714575
2012-01-13,34.240002,34.48,33.639999,33.939999,15105700,31.789504
2012-01-12,35.57,35.860001,34.50,34.73,18584000,32.52945
2012-01-11,36.119999,36.290001,35.00,35.380001,13083700,33.138266
2012-01-10,36.169998,36.709999,36.049999,36.330002,14349100,34.028073
2012-01-09,35.139999,35.740002,35.02,35.380001,12481000,33.138266
2012-01-06,34.799999,35.119999,34.290001,34.98,12320400,32.763609
2012-01-05,34.84,34.849998,34.130001,34.560001,16640100,32.370223
2012-01-04,33.91,35.27,33.77,35.119999,17823400,32.894738
2012-01-03,33.880001,34.73,33.709999,34.150002,27019400,31.986201
2011-12-30,33.709999,34.860001,33.700001,34.509998,9549200,32.323388
2011-12-29,33.279999,33.970001,33.279999,33.790001,7899000,31.649011
2011-12-28,34.310001,34.459999,33.150002,33.25,8919700,31.143225
2011-12-27,33.740002,34.400002,33.700001,34.139999,7549500,31.976833
2011-12-23,33.740002,33.830002,33.310001,33.799999,6072600,31.658376
2011-12-22,33.900002,34.049999,33.200001,33.540001,16201300,31.414851
2011-12-21,33.279999,33.869999,32.619999,33.73,15956900,31.592811
2011-12-20,31.74,33.470001,31.65,33.209999,24754300,31.105759
2011-12-19,32.02,32.02,30.66,30.799999,15791600,28.848461
2011-12-16,31.60,32.150002,31.120001,31.76,18208200,29.747634
2011-12-15,31.77,31.99,31.00,31.26,24418400,29.279315
2011-12-14,31.26,31.370001,30.32,31.00,29702500,29.035789
2011-12-13,32.919998,33.599998,31.450001,31.860001,19276100,29.841299
2011-12-12,33.330002,33.330002,32.02,32.560001,16651100,30.496946
2011-12-09,33.490002,34.27,33.279999,34.080002,16391400,31.920637
2011-12-08,33.990002,34.360001,33.00,33.130001,27849100,31.03083
2011-12-07,35.540001,35.540001,33.27,33.400002,34931100,31.283722
2011-12-06,36.57,36.73,34.860001,35.57,35182600,33.316226
2011-12-05,37.220001,37.900002,36.689999,37.02,15271600,34.674352
2011-12-02,37.16,37.389999,36.490002,36.580002,14961600,34.262233
2011-12-01,36.509998,37.07,36.009998,36.41,15813000,34.103002
2011-11-30,35.009998,36.849998,34.990002,36.799999,23339200,34.468291
2011-11-29,32.98,34.099998,32.599998,33.630001,16560300,31.414851
2011-11-28,33.23,33.610001,32.299999,32.77,17709100,30.611498
2011-11-25,32.060001,32.830002,31.799999,31.799999,6717600,29.705389
2011-11-23,33.18,33.290001,31.950001,32.200001,17435500,30.079043
2011-11-22,34.73,34.779999,33.599998,33.700001,18828700,31.48024
2011-11-21,34.880001,35.099998,33.939999,34.860001,14968100,32.563833
2011-11-18,37.450001,37.450001,35.580002,35.959999,20485200,33.591377
2011-11-17,39.029999,39.080002,36.580002,37.040001,22417900,34.600241
2011-11-16,38.720001,40.43,38.580002,39.00,21006100,36.431138
2011-11-15,38.310001,39.310001,37.740002,38.91,14983800,36.347066
2011-11-14,38.450001,38.75,38.00,38.529999,12627000,35.992095
2011-11-11,37.970001,38.66,37.599998,38.59,14729800,36.048144
2011-11-10,37.490002,37.830002,36.290001,37.290001,14051700,34.833773
2011-11-09,37.509998,37.560001,36.299999,36.43,17607300,34.03042
2011-11-08,38.700001,38.939999,37.66,38.830002,17955200,36.272337
2011-11-07,37.23,38.099998,36.740002,38.02,13921400,35.515689
2011-11-04,37.52,38.18,36.779999,37.16,12655100,34.712335
2011-11-03,37.34,38.040001,36.349998,37.849998,18785300,35.356885
2011-11-02,36.849998,36.970001,35.57,36.580002,13904600,34.170541
2011-11-01,34.720001,36.43,33.919998,35.25,28787900,32.928144
2011-10-31,38.189999,38.439999,37.32,37.360001,17488000,34.899162
2011-10-28,38.389999,39.43,38.34,39.130001,14910400,36.552576
2011-10-27,37.73,39.619999,37.73,38.950001,27042800,36.384432
2011-10-26,35.799999,36.130001,34.470001,35.869999,16359000,33.507305
2011-10-25,35.549999,35.869999,34.529999,35.119999,20346900,32.806706
2011-10-24,34.200001,35.560001,33.82,35.32,20482900,32.993533
2011-10-21,34.900002,35.389999,33.009998,33.50,33369500,31.293413
2011-10-20,34.099998,34.610001,33.23,34.470001,21020500,32.199522
2011-10-19,35.259998,35.259998,33.639999,33.880001,26035700,31.648384
2011-10-18,34.540001,35.540001,33.16,35.290001,34623700,32.96551
2011-10-17,36.630001,36.830002,34.43,34.48,31387400,32.208862
2011-10-14,36.32,37.439999,35.84,37.43,17633200,34.964551
2011-10-13,35.07,35.41,34.23,35.02,15289900,32.713294
2011-10-12,36.080002,36.66,34.959999,35.07,20478000,32.76
2011-10-11,34.419998,35.849998,34.419998,35.48,20337600,33.142994
2011-10-10,34.529999,35.610001,34.110001,34.84,17669900,32.54515
2011-10-07,34.77,34.84,32.84,33.32,17213800,31.125269
2011-10-06,32.389999,34.830002,32.389999,34.450001,27384400,32.180839
2011-10-05,31.110001,32.610001,30.00,32.380001,21522000,30.247187
2011-10-04,27.99,30.530001,27.209999,30.51,27500000,28.50036
2011-10-03,30.059999,30.309999,28.639999,28.68,21950500,26.790899
2011-09-30,31.280001,31.450001,30.48,30.52,19502100,28.509701
2011-09-29,33.48,33.799999,31.549999,32.25,15820500,30.125749
2011-09-28,34.450001,35.009998,32.380001,32.470001,15910100,30.331259
2011-09-27,35.32,35.900002,34.119999,34.459999,21997800,32.190179
2011-09-26,31.99,33.830002,31.08,33.740002,20778600,31.517607
2011-09-23,32.459999,32.860001,31.51,31.67,23053200,29.583952
2011-09-22,33.099998,33.880001,32.07,32.720001,26657500,30.564792
2011-09-21,37.959999,38.419998,34.970001,35.09,30144900,32.778683
2011-09-20,38.529999,38.689999,37.720001,37.98,18060800,35.478323
2011-09-19,38.91,38.939999,38.009998,38.259998,13013500,35.739879
2011-09-16,40.48,40.599998,39.34,39.880001,12946500,37.253175
2011-09-15,40.02,40.470001,39.599998,40.189999,12433300,37.542753
2011-09-14,39.209999,40.00,37.50,39.360001,31794800,36.767426
2011-09-13,39.619999,40.380001,38.459999,39.490002,18453600,36.888864
2011-09-12,38.66,40.029999,38.419998,39.560001,16142600,36.954253
2011-09-09,41.049999,41.110001,39.279999,39.66,15517900,37.047665
2011-09-08,42.360001,43.080002,41.330002,41.610001,12096300,38.869222
2011-09-07,41.880001,42.310001,41.110001,42.279999,12692600,39.495089
2011-09-06,39.419998,40.970001,39.27,40.869999,15328200,38.177963
2011-09-02,42.330002,42.490002,41.130001,41.540001,10838200,38.803833
2011-09-01,44.68,44.84,43.00,43.02,13804100,40.186348
2011-08-31,44.27,45.48,43.830002,44.369999,17128400,41.447424
2011-08-30,42.490002,43.869999,42.119999,43.43,14639600,40.569342
2011-08-29,42.599998,42.91,41.799999,42.810001,12757000,39.906109
2011-08-26,39.360001,42.029999,39.299999,41.459999,16043300,38.64768
2011-08-25,41.200001,41.290001,39.709999,39.880001,20450500,37.174856
2011-08-24,40.299999,40.700001,39.139999,40.610001,14296100,37.855338
2011-08-23,37.540001,40.220001,36.790001,40.200001,18831300,37.47315
2011-08-22,39.709999,39.75,37.16,37.290001,20801800,34.760541
2011-08-19,40.029999,41.619999,37.799999,38.040001,25863000,35.459667
2011-08-18,43.709999,43.720001,40.27,40.849998,27508700,38.079057
2011-08-17,46.669998,46.990002,45.040001,45.450001,12281800,42.367031
2011-08-16,47.029999,47.330002,45.209999,45.919998,13696100,42.805148
2011-08-15,46.049999,47.900002,46.049999,47.630001,13965200,44.399157
2011-08-12,46.18,46.279999,45.00,45.48,11376200,42.394995
2011-08-11,43.84,46.00,43.00,45.23,16735900,42.161953
2011-08-10,44.080002,45.310001,42.57,43.299999,22231900,40.362869
2011-08-09,44.110001,45.040001,41.82,44.75,21362100,41.714513
2011-08-08,45.040001,45.59,41.860001,42.43,23997300,39.551884
2011-08-05,48.50,49.080002,44.849998,47.09,25701700,43.895786
2011-08-04,51.919998,51.98,47.900002,48.029999,23347300,44.772023
2011-08-03,52.759998,53.110001,50.560001,53.060001,17001000,49.460829
2011-08-02,53.919998,55.040001,52.639999,52.66,12441600,49.087961
2011-08-01,55.900002,56.00,53.619999,54.43,8994300,50.737898
2011-07-29,53.970001,55.18,53.549999,54.73,9048000,51.017548
2011-07-28,55.119999,56.240002,54.860001,54.869999,11371300,51.148051
2011-07-27,56.060001,56.700001,54.900002,55.009998,11243000,51.278554
2011-07-26,57.50,57.529999,56.099998,56.549999,11478400,52.714093
2011-07-25,56.560001,57.77,56.509998,57.27,9410100,53.385255
2011-07-22,57.200001,57.619999,56.360001,57.200001,12164100,53.320004
2011-07-21,55.549999,57.00,55.419998,56.93,19214300,53.068318
2011-07-20,55.66,55.950001,54.799999,55.27,11669200,51.52092
2011-07-19,53.919998,55.41,53.900002,55.380001,14615400,51.623459
2011-07-18,53.52,54.189999,52.50,53.119999,18139100,49.516757
2011-07-15,52.34,53.200001,52.259998,53.080002,12650900,49.479473
2011-07-14,53.07,53.07,51.610001,51.830002,13551300,48.314263
2011-07-13,52.48,53.75,52.439999,52.619999,11847700,49.050673
2011-07-12,52.240002,53.00,51.91,52.220001,9064600,48.677808
2011-07-11,52.849998,53.59,52.07,52.490002,11365900,48.929494
2011-07-08,52.610001,54.040001,52.529999,54.040001,10311700,50.374354
2011-07-07,53.119999,54.549999,53.099998,54.299999,15610700,50.616716
2011-07-06,51.98,52.720001,51.540001,52.66,10471900,49.087961
2011-07-05,51.200001,52.50,50.970001,52.150002,10680900,48.612557
2011-07-01,50.990002,51.380001,50.099998,51.290001,8481300,47.810892
2011-06-30,50.130001,51.389999,50.07,51.00,12153500,47.540562
2011-06-29,49.060001,50.869999,48.98,49.82,18383300,46.440604
2011-06-28,47.07,49.07,46.990002,48.689999,14329700,45.387253
2011-06-27,45.599998,46.529999,45.189999,46.23,6345300,43.094121
2011-06-24,47.16,47.279999,45.759998,45.869999,10186800,42.75854
2011-06-23,46.259998,47.23,45.34,47.07,11476900,43.877142
2011-06-22,47.110001,47.759998,46.939999,47.110001,8582500,43.91443
2011-06-21,47.09,47.529999,46.669998,47.130001,9151800,43.933074
2011-06-20,45.52,46.549999,45.310001,46.43,11714000,43.280555
2011-06-17,46.91,46.93,45.57,46.02,18279400,42.898367
2011-06-16,46.810001,47.470001,46.049999,46.389999,13533100,43.243268
2011-06-15,47.400002,48.189999,46.32,46.77,14170200,43.597493
2011-06-14,47.459999,48.290001,47.23,47.889999,11653500,44.64152
2011-06-13,48.060001,48.27,46.040001,46.860001,10967900,43.681388
2011-06-10,48.689999,48.689999,47.939999,48.00,9182800,44.744059
2011-06-09,47.970001,49.25,47.759998,48.98,11101500,45.657583
2011-06-08,48.09,48.470001,47.360001,47.689999,11663600,44.455085
2011-06-07,48.310001,49.169998,48.029999,48.099998,9067300,44.837274
2011-06-06,50.099998,50.349998,47.75,48.040001,15475900,44.781346
2011-06-03,49.200001,51.240002,49.119999,50.279999,11758500,46.8694
2011-06-02,49.060001,50.669998,48.990002,50.150002,12524400,46.748221
2011-06-01,49.880001,50.490002,48.900002,49.029999,9164200,45.70419
2011-05-31,51.00,51.139999,49.75,50.150002,10846000,46.748221
2011-05-27,50.830002,51.18,49.759998,50.150002,7973400,46.748221
2011-05-26,49.740002,50.75,49.650002,50.66,12390700,47.139732
2011-05-25,48.279999,50.16,48.150002,49.869999,17725400,46.404627
2011-05-24,46.959999,47.990002,46.860001,47.50,11297700,44.199315
2011-05-23,46.130001,46.650002,45.849998,46.16,8997500,42.952429
2011-05-20,46.93,47.669998,46.330002,47.18,11034600,43.901551
2011-05-19,46.970001,47.299999,46.299999,46.900002,7462200,43.641009
2011-05-18,45.610001,47.490002,45.470001,46.959999,12182800,43.696838
2011-05-17,45.139999,45.689999,44.470001,45.330002,12438700,42.180106
2011-05-16,45.84,46.560001,45.299999,45.43,11945700,42.273156
2011-05-13,46.77,47.119999,45.669998,46.00,11631500,42.803547
2011-05-12,46.290001,47.279999,45.380001,46.639999,12060600,43.399074
2011-05-11,48.080002,48.080002,46.099998,46.43,13949900,43.203667
2011-05-10,48.23,48.740002,47.689999,48.389999,7926500,45.02747
2011-05-09,47.080002,48.279999,47.080002,48.060001,7949700,44.720403
2011-05-06,47.380001,48.029999,46.200001,46.669998,10587900,43.426988
2011-05-05,46.849998,47.50,46.18,46.849998,15489400,43.594481
2011-05-04,47.919998,47.919998,46.630001,47.349998,11434700,44.059737
2011-05-03,48.52,48.650002,47.439999,47.889999,11501400,44.562214
2011-05-02,50.75,50.900002,48.459999,48.919998,9577800,45.52064
2011-04-29,50.32,50.759998,49.93,50.48,7300000,46.97224
2011-04-28,50.16,50.939999,49.639999,50.259998,8774400,46.767526
2011-04-27,51.360001,51.450001,49.299999,50.50,12515000,46.990851
2011-04-26,50.310001,51.240002,50.150002,50.959999,10000000,47.418885
2011-04-25,50.16,50.77,49.700001,50.630001,7955900,47.111818
2011-04-21,49.049999,50.84,48.450001,50.48,18087200,46.97224
2011-04-20,49.68,49.939999,49.369999,49.68,11656300,46.227831
2011-04-19,47.02,49.029999,46.970001,49.009998,17762300,45.604386
2011-04-18,46.939999,47.790001,45.630001,47.139999,20765900,43.86433
2011-04-15,46.259998,46.869999,45.669998,46.82,14462500,43.566566
2011-04-14,45.240002,46.259998,45.00,46.139999,12703000,42.933818
2011-04-13,45.720001,46.080002,44.93,45.509998,10862800,42.347595
2011-04-12,46.43,46.540001,44.599998,45.34,19343900,42.189409
2011-04-11,48.400002,48.599998,46.610001,46.93,12089500,43.668923
2011-04-08,48.369999,49.130001,47.950001,48.130001,9616700,44.785538
2011-04-07,48.259998,48.619999,47.799999,48.23,9936000,44.878588
2011-04-06,50.009998,50.18,47.970001,48.41,11713300,45.046081
2011-04-05,49.389999,49.970001,49.130001,49.73,9442600,46.274356
2011-04-04,49.75,50.549999,49.41,49.50,10284500,46.060339
2011-04-01,50.220001,50.740002,49.130001,49.34,13959300,45.911457
2011-03-31,49.919998,50.470001,49.400002,49.84,13813600,46.376713
2011-03-30,49.349998,49.849998,48.650002,49.50,16186800,46.060339
2011-03-29,47.459999,49.169998,47.380001,49.00,19055600,45.595083
2011-03-28,46.049999,48.77,45.919998,47.900002,18956900,44.571521
2011-03-25,46.040001,46.630001,45.700001,46.040001,9759700,42.840768
2011-03-24,46.610001,46.650002,45.25,45.970001,12064400,42.775633
2011-03-23,45.73,46.549999,45.490002,46.389999,9343800,43.166446
2011-03-22,45.73,45.93,44.900002,45.700001,9205300,42.524394
2011-03-21,44.799999,45.75,44.740002,45.73,8706800,42.552308
2011-03-18,44.98,44.98,43.810001,44.189999,10734200,41.119319
2011-03-17,43.619999,44.580002,43.619999,44.360001,10454100,41.277508
2011-03-16,44.18,44.43,42.52,42.939999,15821800,39.956179
2011-03-15,43.360001,44.50,42.779999,44.009998,14293000,40.951827
2011-03-14,44.16,45.169998,43.619999,45.060001,11041000,41.928867
2011-03-11,42.790001,44.73,42.50,44.459999,14527700,41.370558
2011-03-10,44.450001,44.57,43.41,43.75,12031500,40.709895
2011-03-09,45.59,46.240002,45.080002,45.27,7006100,42.124274
2011-03-08,46.66,46.709999,45.099998,45.720001,10474100,42.543005
2011-03-07,46.970001,47.380001,46.00,46.439999,8916800,43.212971
2011-03-04,47.330002,47.599998,46.189999,46.84,9503800,43.585177
2011-03-03,46.84,47.529999,46.310001,47.439999,9003900,44.143483
2011-03-02,46.299999,46.529999,44.84,46.34,12668900,43.119921
2011-03-01,47.509998,47.580002,46.200001,46.330002,12762500,43.110618
2011-02-28,47.310001,47.459999,45.98,46.939999,13134200,43.678227
2011-02-25,45.759998,47.18,45.599998,47.029999,12499300,43.678227
2011-02-24,46.860001,47.299999,44.970001,45.549999,17397100,42.303706
2011-02-23,46.700001,47.540001,46.400002,47.34,13169000,43.966135
2011-02-22,48.50,48.639999,46.189999,46.599998,14546000,43.278873
2011-02-18,48.540001,48.68,47.75,48.110001,10711500,44.681259
2011-02-17,46.830002,48.84,46.720001,48.43,15117500,44.978452
2011-02-16,45.93,47.689999,45.73,47.490002,17940400,44.105446
2011-02-15,45.790001,46.130001,45.209999,45.540001,10276900,42.29442
2011-02-14,44.400002,46.16,44.23,45.639999,12469300,42.387292
2011-02-11,44.720001,45.080002,43.950001,44.639999,11140500,41.45856
2011-02-10,43.630001,44.82,43.360001,44.790001,14636500,41.597871
2011-02-09,44.82,45.099998,43.630001,43.950001,13893000,40.817737
2011-02-08,45.540001,45.68,43.849998,44.970001,23067400,41.765043
2011-02-07,46.150002,47.220001,46.00,46.18,12200200,42.888807
2011-02-04,46.75,46.919998,45.330002,45.919998,14791600,42.647335
2011-02-03,46.57,46.93,45.939999,46.779999,17941700,43.446045
2011-02-02,45.490002,46.900002,45.200001,46.610001,15801400,43.288162
2011-02-01,45.259998,45.75,44.860001,45.509998,15635600,42.266555
2011-01-31,43.990002,45.389999,43.759998,45.00,17398500,41.792904
2011-01-28,43.540001,44.00,42.950001,43.880001,16175300,40.752726
2011-01-27,43.77,43.939999,42.240002,43.169998,16864100,40.093324
2011-01-26,40.709999,43.650002,40.599998,43.400002,29593500,40.306936
2011-01-25,40.080002,40.349998,39.470001,40.200001,18979300,37.334995
2011-01-24,39.32,40.32,38.360001,39.549999,24656700,36.731318
2011-01-21,40.029999,40.50,38.84,39.189999,16048900,36.396975
2011-01-20,38.919998,39.419998,38.029999,39.060001,12998200,36.276242
2011-01-19,39.959999,40.060001,39.009998,39.240002,11095000,36.443414
2011-01-18,39.98,40.189999,39.220001,40.040001,10182900,37.186398
2011-01-14,39.00,40.02,38.619999,39.990002,10814600,37.139962
2011-01-13,40.060001,40.220001,38.93,39.23,10988100,36.434125
2011-01-12,39.830002,40.200001,39.529999,39.889999,8117200,37.047087
2011-01-11,38.759998,39.610001,38.650002,39.380001,11788000,36.573436
2011-01-10,38.200001,38.48,37.700001,38.169998,12887600,35.449668
2011-01-07,38.259998,39.07,37.869999,38.450001,15194200,35.709715
2011-01-06,39.669998,39.73,37.68,38.220001,22435200,35.496108
2011-01-05,39.299999,39.580002,38.57,39.419998,18623000,36.610582
2011-01-04,40.98,41.080002,39.32,39.549999,12572100,36.731318
2011-01-03,41.349998,41.48,40.740002,40.75,7794700,37.845797
2010-12-31,40.919998,41.139999,40.580002,40.830002,4376500,37.920097
2010-12-30,40.68,41.150002,40.57,41.009998,6021900,38.087265
2010-12-29,39.689999,40.84,39.490002,40.689999,7844900,37.790071
2010-12-28,39.93,40.060001,39.490002,39.630001,5732700,36.805619
2010-12-27,40.200001,40.200001,39.549999,39.860001,4371500,37.019226
2010-12-23,40.419998,40.50,40.119999,40.32,3919600,37.446442
2010-12-22,40.360001,40.57,40.049999,40.41,6400700,37.530028
2010-12-21,40.400002,40.490002,39.970001,40.290001,7478500,37.418581
2010-12-20,40.43,40.59,39.709999,40.150002,8628300,37.288559
2010-12-17,40.349998,40.68,39.650002,39.889999,13405200,37.047087
2010-12-16,39.740002,40.349998,39.25,40.27,9185500,37.400006
2010-12-15,40.490002,41.16,39.740002,39.790001,13618700,36.954215
2010-12-14,40.990002,41.73,40.779999,41.080002,9107400,38.15228
2010-12-13,40.650002,41.689999,40.509998,41.150002,12929800,38.21729
2010-12-10,40.610001,40.790001,40.07,40.220001,9489200,37.35357
2010-12-09,40.459999,40.700001,40.049999,40.459999,8295700,37.576464
2010-12-08,40.290001,41.18,39.799999,40.23,17932400,37.362856
2010-12-07,41.560001,41.689999,40.060001,40.380001,23383400,37.502167
2010-12-06,41.00,41.150002,40.209999,40.82,10417100,37.910807
2010-12-03,40.349998,41.380001,40.299999,41.150002,15344200,38.21729
2010-12-02,39.240002,40.77,39.240002,40.610001,17227600,37.715775
2010-12-01,38.599998,39.450001,38.599998,39.189999,13407100,36.396975
2010-11-30,37.18,38.48,36.68,37.84,15509000,35.059602
2010-11-29,36.52,38.040001,36.009998,37.869999,14689000,35.087397
2010-11-26,36.75,37.119999,36.439999,36.560001,4183000,33.873655
2010-11-24,36.639999,37.580002,36.639999,37.369999,10019500,34.624136
2010-11-23,36.700001,36.830002,36.02,36.459999,15698200,33.781001
2010-11-22,37.27,37.540001,36.48,37.310001,15601700,34.568547
2010-11-19,37.43,38.049999,36.75,38.009998,17377300,35.217109
2010-11-18,35.75,37.77,35.560001,37.560001,22464100,34.800177
2010-11-17,35.00,35.75,34.57,35.50,11125500,32.89154
2010-11-16,35.32,35.630001,34.669998,35.029999,14974900,32.456073
2010-11-15,36.490002,36.740002,35.77,35.84,15503900,33.206558
2010-11-12,35.810001,36.389999,35.369999,35.82,16019000,33.188027
2010-11-11,34.59,36.32,34.59,36.310001,29136200,33.642024
2010-11-10,33.66,34.939999,33.27,34.880001,27551800,32.317097
2010-11-09,33.619999,33.990002,32.970001,33.220001,18228200,30.77907
2010-11-08,31.860001,33.540001,31.75,33.43,26412100,30.973639
2010-11-05,32.790001,32.990002,31.459999,31.92,24832700,29.57459
2010-11-04,32.360001,33.060001,32.049999,32.849998,21572800,30.436255
2010-11-03,31.66,31.74,30.950001,31.690001,26694500,29.361491
2010-11-02,31.73,31.99,30.68,31.40,24430200,29.092798
2010-11-01,32.119999,32.560001,31.110001,31.42,25108700,29.111329
2010-10-29,30.200001,31.98,29.99,31.860001,46023200,29.519
2010-10-28,34.73,34.759998,28.860001,31.68,97847900,29.352225
2010-10-27,34.380001,34.490002,33.759998,34.419998,11006300,31.890894
2010-10-26,34.119999,35.220001,33.970001,34.790001,11866700,32.23371
2010-10-25,34.560001,35.060001,34.220001,34.279999,12901500,31.761182
2010-10-22,34.119999,35.00,34.119999,34.18,13728000,31.668531
2010-10-21,34.029999,34.48,33.509998,33.720001,14693800,31.242332
2010-10-20,33.169998,34.060001,33.060001,33.790001,15332600,31.307188
2010-10-19,33.619999,33.639999,32.720001,33.18,19299700,30.742009
2010-10-18,33.75,34.48,33.439999,34.09,31260600,31.585144
2010-10-15,35.299999,35.889999,34.810001,35.82,15549400,33.188027
2010-10-14,35.459999,35.700001,34.68,35.080002,13987700,32.502402
2010-10-13,35.259998,35.849998,35.110001,35.630001,11620700,33.011989
2010-10-12,34.490002,35.110001,33.93,34.84,10916300,32.280036
2010-10-11,34.75,35.139999,34.400002,34.560001,8686400,32.02061
2010-10-08,33.759998,34.990002,33.759998,34.73,11141800,32.178117
2010-10-07,34.220001,34.25,33.27,33.619999,8793900,31.149677
2010-10-06,34.07,34.349998,33.709999,33.970001,10220000,31.473962
2010-10-05,33.419998,34.240002,33.34,34.060001,9105600,31.557349
2010-10-04,33.279999,33.540001,32.610001,33.029999,10071700,30.603029
2010-10-01,33.48,33.630001,33.040001,33.330002,10300000,30.880988
2010-09-30,33.650002,33.84,32.580002,33.07,11331400,30.640091
2010-09-29,32.630001,33.57,32.549999,33.400002,13886300,30.945845
2010-09-28,32.75,32.900002,31.98,32.77,9415200,30.362135
2010-09-27,32.799999,33.00,32.380001,32.41,8939400,30.028586
2010-09-24,32.07,32.919998,32.040001,32.73,13999900,30.325073
2010-09-23,31.129999,32.150002,31.00,31.799999,12644200,29.463407
2010-09-22,31.76,32.400002,31.33,31.52,9095300,29.203982
2010-09-21,31.870001,32.130001,31.34,31.83,13721100,29.491203
2010-09-20,31.139999,31.92,30.549999,31.799999,10839400,29.463407
2010-09-17,31.17,31.25,30.459999,30.959999,13531400,28.685128
2010-09-16,31.129999,31.549999,30.76,31.00,10444200,28.72219
2010-09-15,31.01,31.27,30.68,31.209999,9419300,28.916759
2010-09-14,31.48,31.809999,31.030001,31.379999,8971700,29.074268
2010-09-13,31.18,31.73,31.09,31.610001,9664500,29.287369
2010-09-10,30.450001,31.129999,30.360001,30.879999,11992200,28.611006
2010-09-09,30.620001,30.98,30.15,30.219999,10175900,27.999502
2010-09-08,29.67,30.35,29.33,30.209999,8561800,27.990236
2010-09-07,30.110001,30.280001,29.52,29.84,8084400,27.647424
2010-09-03,30.15,30.719999,30.120001,30.43,7392200,28.194073
2010-09-02,29.83,30.209999,29.620001,30.129999,7916600,27.916115
2010-09-01,28.91,29.969999,28.690001,29.73,11980700,27.545506
2010-08-31,28.34,28.709999,27.84,28.209999,10480700,26.137192
2010-08-30,29.08,29.120001,28.48,28.49,7586500,26.396619
2010-08-27,28.370001,29.34,27.700001,29.25,12104200,27.017389
2010-08-26,28.15,28.66,27.969999,28.120001,10549900,25.973641
2010-08-25,27.82,28.120001,27.50,27.99,9993500,25.853563
2010-08-24,27.860001,29.139999,27.629999,28.07,18253100,25.927457
2010-08-23,27.50,28.50,27.360001,28.139999,10421100,25.992113
2010-08-20,28.25,28.34,27.360001,27.82,12172200,25.696539
2010-08-19,28.610001,28.700001,28.15,28.559999,10680100,26.380055
2010-08-18,28.59,28.98,28.139999,28.790001,7576400,26.592501
2010-08-17,28.16,29.09,27.969999,28.700001,10240700,26.509371
2010-08-16,27.92,28.24,27.639999,27.809999,11555200,25.687302
2010-08-13,28.52,28.809999,27.98,28.10,11380500,25.955167
2010-08-12,28.129999,28.76,28.00,28.43,10845200,26.259979
2010-08-11,29.67,29.700001,28.25,28.780001,15167600,26.583264
2010-08-10,30.25,30.34,29.700001,30.120001,12892100,27.820984
2010-08-09,31.040001,31.200001,30.41,30.700001,8376200,28.356713
2010-08-06,30.82,31.15,30.190001,30.92,10732100,28.559921
2010-08-05,30.93,31.35,30.610001,31.25,8397800,28.864732
2010-08-04,31.120001,31.549999,30.610001,31.059999,11873500,28.689234
2010-08-03,30.440001,31.40,30.32,31.200001,14626300,28.818549
2010-08-02,30.59,31.00,30.440001,30.73,13065800,28.384422
2010-07-30,29.09,29.99,29.00,29.879999,13335900,27.599301
2010-07-29,30.18,30.540001,29.610001,30.110001,12334400,27.811747
2010-07-28,29.889999,30.450001,29.709999,29.98,11070800,27.691669
2010-07-27,30.950001,31.07,30.00,30.450001,12830800,28.125796
2010-07-26,30.60,30.860001,30.23,30.860001,8502500,28.504501
2010-07-23,30.120001,30.610001,29.52,30.59,12328400,28.255109
2010-07-22,30.299999,30.709999,30.16,30.299999,15876000,27.987243
2010-07-21,30.299999,30.65,29.559999,29.879999,15547700,27.599301
2010-07-20,28.959999,30.58,28.959999,30.27,24945600,27.959534
2010-07-19,28.790001,29.43,28.280001,29.17,39191500,26.943496
2010-07-16,27.969999,28.040001,27.50,27.51,20644800,25.410201
2010-07-15,28.129999,28.32,27.309999,28.10,17612700,25.955167
2010-07-14,27.90,28.49,27.52,28.17,11178800,26.019824
2010-07-13,28.559999,28.629999,27.73,28.129999,16398600,25.982876
2010-07-12,28.48,28.889999,27.75,28.17,16809100,26.019824
2010-07-09,28.559999,28.75,28.01,28.639999,14491800,26.453949
2010-07-08,28.15,28.84,27.75,28.709999,21062600,26.518606
2010-07-07,26.799999,28.059999,26.639999,27.99,24892100,25.853563
2010-07-06,26.469999,26.93,26.00,26.459999,20082000,24.440345
2010-07-02,25.23,26.049999,25.030001,25.74,22293400,23.775302
2010-07-01,25.18,25.24,24.27,24.98,27466700,23.073312
2010-06-30,24.51,25.620001,24.43,24.549999,21876000,22.676133
2010-06-29,25.389999,25.49,24.26,24.48,25848100,22.611476
2010-06-28,26.940001,26.969999,25.93,25.99,12987600,24.00622
2010-06-25,25.299999,26.34,25.27,26.34,28687600,24.329505
2010-06-24,25.60,25.799999,25.059999,25.209999,12047300,23.285756
2010-06-23,26.049999,26.120001,25.48,25.780001,14073000,23.81225
2010-06-22,26.99,27.299999,25.870001,25.99,18620300,24.00622
2010-06-21,27.540001,27.74,26.77,27.049999,18403500,24.985311
2010-06-18,26.440001,27.00,26.030001,26.98,14032300,24.920655
2010-06-17,26.450001,26.639999,26.00,26.389999,12975400,24.375688
2010-06-16,25.41,26.790001,25.40,26.25,28251500,24.246375
2010-06-15,24.35,25.549999,24.33,25.459999,16263200,23.516674
2010-06-14,24.93,24.93,23.940001,24.02,14358400,22.186588
2010-06-11,24.049999,24.76,23.799999,24.389999,14346500,22.528345
2010-06-10,23.219999,24.299999,23.120001,24.219999,23553000,22.371321
2010-06-09,23.17,24.219999,22.27,22.559999,30861700,20.838027
2010-06-08,22.91,23.24,22.25,23.02,26666200,21.262917
2010-06-07,23.18,23.799999,22.66,22.799999,21102900,21.059708
2010-06-04,23.639999,23.99,22.889999,23.110001,27956900,21.346047
2010-06-03,24.139999,24.139999,22.90,23.629999,31618000,21.826355
2010-06-02,21.98,23.84,21.780001,23.68,59768500,21.87254
2010-06-01,23.299999,23.559999,21.10,21.15,72573900,19.53565
2010-05-28,26.870001,27.030001,24.66,24.83,37082200,22.934761
2010-05-27,27.10,27.25,26.24,26.99,28424600,24.929892
2010-05-26,25.879999,26.50,25.76,25.879999,17683600,23.821485
2010-05-25,24.74,25.690001,24.33,25.620001,25742800,23.582167
2010-05-24,26.66,26.74,25.57,25.65,15975200,23.60978
2010-05-21,25.559999,26.82,25.219999,26.73,22840100,24.603876
2010-05-20,26.209999,26.780001,25.389999,26.219999,34147000,24.134441
2010-05-19,27.469999,28.40,26.76,27.120001,20568900,24.962856
2010-05-18,28.25,28.84,27.360001,27.639999,18210600,25.441494
2010-05-17,28.450001,28.66,27.01,27.85,18458100,25.634791
2010-05-14,29.280001,29.33,27.76,28.09,19416900,25.855701
2010-05-13,29.860001,29.870001,28.93,29.01,20261500,26.702524
2010-05-12,28.49,29.50,28.49,29.09,20877400,26.77616
2010-05-11,27.02,29.09,26.969999,28.34,28979300,26.085816
2010-05-10,28.49,28.68,26.860001,27.59,38861900,25.395471
2010-05-07,27.59,28.620001,26.700001,27.51,30882600,25.321835
2010-05-06,29.950001,30.24,26.969999,28.75,31857600,26.463204
2010-05-05,29.75,30.84,29.34,29.98,25037700,27.595369
2010-05-04,30.75,31.00,29.77,30.309999,24148000,27.89912
2010-05-03,29.93,32.369999,29.709999,31.389999,42907200,28.893216
2010-04-30,29.700001,31.43,29.059999,30.65,60712200,28.212076
2010-04-29,33.580002,34.110001,29.24,31.60,73582700,29.086513
2010-04-28,32.950001,33.43,32.439999,33.349998,12947000,30.697315
2010-04-27,34.150002,34.200001,32.66,32.810001,17140400,30.20027
2010-04-26,34.98,35.02,34.290001,34.470001,11508600,31.728232
2010-04-23,34.040001,35.220001,33.93,34.959999,18852700,32.179255
2010-04-22,32.919998,33.880001,32.689999,33.73,11774900,31.047091
2010-04-21,33.380001,33.970001,32.939999,33.290001,15546600,30.64209
2010-04-20,31.940001,33.599998,31.90,33.310001,18422800,30.6605
2010-04-19,31.459999,32.470001,31.17,31.57,21178300,29.058899
2010-04-16,32.290001,32.450001,31.040001,31.639999,16701400,29.123331
2010-04-15,32.360001,32.68,32.139999,32.52,10454400,29.933336
2010-04-14,31.719999,32.50,31.549999,32.43,11950200,29.850494
2010-04-13,31.48,31.58,31.07,31.42,9046100,28.92083
2010-04-12,31.49,31.950001,31.42,31.50,6770700,28.994467
2010-04-09,31.83,32.00,31.190001,31.57,8299300,29.058899
2010-04-08,31.34,31.690001,30.879999,31.66,11112500,29.14174
2010-04-07,32.259998,32.310001,31.40,31.629999,12860100,29.114126
2010-04-06,31.959999,32.43,31.870001,32.200001,9753700,29.638789
2010-04-05,31.15,31.98,30.790001,31.85,16571600,29.316628
2010-04-01,30.530001,31.07,30.459999,30.74,13189700,28.294918
2010-03-31,30.25,30.33,29.940001,30.129999,10508700,27.733437
2010-03-30,29.959999,30.26,29.85,30.00,11792700,27.613778
2010-03-29,29.65,30.09,29.48,29.870001,12255000,27.494119
2010-03-26,29.799999,29.870001,29.25,29.360001,12483100,27.024685
2010-03-25,30.50,30.65,29.540001,29.57,14175800,27.21798
2010-03-24,30.389999,30.82,30.15,30.209999,9982800,27.807074
2010-03-23,30.719999,31.18,30.530001,30.709999,10179100,28.267303
2010-03-22,30.15,30.90,29.889999,30.639999,11853300,28.202871
2010-03-19,30.50,31.90,30.209999,30.50,18790400,28.074008
2010-03-18,32.470001,32.549999,31.389999,31.58,12179500,29.068104
2010-03-17,31.91,32.830002,31.809999,32.52,16965200,29.933336
2010-03-16,31.27,31.93,31.17,31.709999,11203600,29.187763
2010-03-15,31.27,31.52,30.66,31.030001,10154400,28.561852
2010-03-12,31.16,31.549999,30.780001,31.50,15641400,28.994467
2010-03-11,30.51,30.790001,30.17,30.74,13677900,28.294918
2010-03-10,30.85,31.129999,30.15,30.639999,20693100,28.202871
2010-03-09,31.15,31.25,30.59,30.91,14949900,28.451396
2010-03-08,31.90,32.389999,31.26,31.41,10685000,28.911626
2010-03-05,31.790001,32.110001,31.65,31.879999,8737400,29.344241
2010-03-04,31.780001,31.889999,31.17,31.450001,7605700,28.948445
2010-03-03,31.530001,32.220001,31.41,31.700001,10792800,29.17856
2010-03-02,30.959999,31.67,30.84,31.209999,12519400,28.727533
2010-03-01,30.459999,30.950001,30.360001,30.75,11698800,28.304123
2010-02-26,30.02,30.25,29.559999,30.15,12722900,27.751847
2010-02-25,29.379999,30.09,29.00,30.00,13093300,27.530937
2010-02-24,30.299999,30.540001,29.690001,30.01,18173300,27.540114
2010-02-23,30.82,30.99,30.059999,30.200001,14472400,27.714477
2010-02-22,31.91,32.150002,30.870001,31.02,14988500,28.466989
2010-02-19,31.42,32.080002,31.190001,31.790001,12130100,29.173617
2010-02-18,30.93,31.66,30.93,31.540001,11485800,28.944193
2010-02-17,31.15,31.24,30.73,31.08,11394000,28.522051
2010-02-16,30.68,31.139999,30.43,31.049999,15028400,28.494519
2010-02-12,29.59,30.08,29.42,30.02,14981300,27.549292
2010-02-11,29.25,30.23,28.870001,30.16,14493200,27.677769
2010-02-10,29.01,29.51,28.50,29.23,12150700,26.824309
2010-02-09,28.559999,29.68,28.559999,29.08,20175400,26.686655
2010-02-08,28.33,29.02,28.049999,28.10,16336400,25.787312
2010-02-05,28.809999,29.26,27.709999,28.290001,22097000,25.961675
2010-02-04,29.969999,29.969999,28.709999,28.860001,17959900,26.484762
2010-02-03,30.709999,31.209999,30.16,30.360001,11090200,27.861309
2010-02-02,30.799999,31.50,30.43,30.76,16414100,28.228388
2010-02-01,29.57,30.700001,29.530001,30.65,13821700,28.12744
2010-01-29,29.98,30.66,29.01,29.209999,18196500,26.805955
2010-01-28,30.83,30.83,29.360001,29.65,16881400,27.209743
2010-01-27,30.73,30.870001,29.40,30.41,19410700,27.907193
2010-01-26,30.83,31.50,30.309999,30.879999,18930800,28.338511
2010-01-25,29.690001,31.50,29.52,31.07,29815000,28.512874
2010-01-22,32.27,32.470001,31.049999,31.15,21577600,28.586289
2010-01-21,33.25,33.52,32.50,32.529999,20825600,29.852712
2010-01-20,34.099998,34.240002,33.009998,33.27,17463600,30.53181
2010-01-19,33.849998,34.720001,33.849998,34.599998,12018100,31.752346
2010-01-15,34.189999,34.290001,33.470001,34.029999,11967100,31.229259
2010-01-14,34.080002,34.639999,33.700001,34.310001,12008000,31.486216
2010-01-13,33.349998,34.209999,33.169998,34.049999,13885400,31.247613
2010-01-12,33.169998,33.73,32.860001,33.290001,15739600,30.550164
2010-01-11,34.709999,34.869999,33.380001,33.779999,15943400,30.999834
2010-01-08,32.950001,34.139999,32.490002,34.119999,23014600,31.311852
2010-01-07,32.310001,32.52,31.92,32.48,8993100,29.806828
2010-01-06,31.74,32.59,31.639999,32.400002,15720800,29.733414
2010-01-05,31.280001,31.83,30.99,31.65,18989700,29.045138
2010-01-04,30.719999,31.34,30.66,31.25,11571600,28.67806
2009-12-31,30.309999,30.52,29.99,30.09,7678700,27.61353
2009-12-30,29.620001,30.049999,29.35,29.969999,7471200,27.503406
2009-12-29,30.40,30.530001,29.540001,29.639999,9324200,27.200565
2009-12-28,30.32,30.639999,30.17,30.309999,5401600,27.815423
2009-12-24,30.50,30.639999,30.190001,30.27,3385900,27.778716
2009-12-23,30.440001,30.549999,30.299999,30.459999,7236300,27.953077
2009-12-22,30.209999,30.50,30.10,30.16,8287300,27.677769
2009-12-21,29.879999,30.66,29.879999,30.280001,11423200,27.787893
2009-12-18,30.379999,30.389999,29.48,29.620001,16837800,27.182213
2009-12-17,29.41,30.219999,29.299999,30.08,20057600,27.604353
2009-12-16,29.35,30.129999,29.290001,29.60,11566300,27.163858
2009-12-15,28.60,29.50,28.60,29.120001,11978000,26.723364
2009-12-14,28.58,28.950001,28.50,28.639999,9761700,26.282867
2009-12-11,28.00,28.549999,27.879999,28.110001,11669400,25.796489
2009-12-10,27.58,28.40,27.58,28.17,14928000,25.85155
2009-12-09,26.65,27.610001,26.549999,27.459999,17554900,25.199984
2009-12-08,27.35,27.40,26.700001,26.799999,18093400,24.594303
2009-12-07,27.57,28.24,27.50,27.700001,9065200,25.420233
2009-12-04,28.540001,28.959999,27.40,27.809999,13301200,25.521178
2009-12-03,28.75,28.860001,27.98,28.059999,14427100,25.750603
2009-12-02,29.24,29.57,28.75,28.950001,11780700,26.567355
2009-12-01,29.629999,29.870001,29.26,29.35,13942000,26.934434
2009-11-30,28.889999,29.49,28.780001,29.360001,14428800,26.861018
2009-11-27,28.99,29.43,28.280001,29.09,8834200,26.613999
2009-11-25,29.950001,30.35,29.299999,30.209999,18408200,27.638669
2009-11-24,30.26,30.780001,29.959999,30.459999,9856700,27.86739
2009-11-23,30.629999,30.889999,30.209999,30.440001,11344300,27.849094
2009-11-20,30.219999,30.459999,29.719999,29.879999,15493000,27.336757
2009-11-19,31.40,31.43,30.219999,30.440001,12724200,27.849094
2009-11-18,31.950001,31.950001,31.190001,31.690001,10380800,28.9927
2009-11-17,31.58,31.959999,31.219999,31.75,8790100,29.047593
2009-11-16,30.92,32.00,30.809999,31.719999,14312900,29.020145
2009-11-13,30.34,30.98,29.870001,30.709999,12243700,28.096112
2009-11-12,31.219999,31.32,30.120001,30.299999,15917600,27.721009
2009-11-11,31.809999,32.00,31.10,31.42,10860400,28.745681
2009-11-10,31.440001,31.879999,30.83,31.469999,10195200,28.791424
2009-11-09,31.83,31.98,31.41,31.629999,11759700,28.937806
2009-11-06,30.200001,31.58,30.200001,31.030001,15965700,28.388876
2009-11-05,30.450001,30.780001,30.27,30.549999,12851400,27.94973
2009-11-04,30.459999,31.00,30.15,30.23,18697900,27.656967
2009-11-03,28.74,30.50,28.629999,30.309999,18394100,27.730158
2009-11-02,29.299999,30.030001,28.559999,29.26,17954100,26.76953
2009-10-30,30.17,30.33,29.01,29.209999,19304200,26.723784
2009-10-29,29.25,30.379999,29.10,30.33,18399500,27.748456
2009-10-28,29.73,29.90,28.780001,28.940001,22046200,26.476767
2009-10-27,29.74,30.379999,29.33,30.040001,16422200,27.48314
2009-10-26,30.299999,31.049999,29.469999,29.700001,14781600,27.172079
2009-10-23,31.51,31.51,29.860001,30.209999,16938400,27.638669
2009-10-22,30.860001,31.60,30.379999,31.41,11587000,28.736532
2009-10-21,30.559999,31.950001,30.40,31.00,18480300,28.361429
2009-10-20,31.25,31.65,30.23,30.799999,17876500,28.178451
2009-10-19,30.90,31.209999,30.57,31.049999,20795800,28.407173
2009-10-16,30.129999,31.27,29.940001,30.40,31173800,27.812498
2009-10-15,28.940001,30.00,28.940001,29.85,30539600,27.309312
2009-10-14,28.99,29.26,28.719999,29.190001,12233400,26.705488
2009-10-13,29.00,29.08,28.15,28.469999,13717400,26.04677
2009-10-12,28.60,28.99,28.450001,28.969999,13900300,26.504212
2009-10-09,28.639999,28.790001,28.00,28.219999,10918500,25.818049
2009-10-08,28.32,28.889999,28.030001,28.799999,18292500,26.348682
2009-10-07,26.85,28.08,26.84,28.02,16701900,25.635073
2009-10-06,26.93,27.440001,26.65,26.860001,13489800,24.573806
2009-10-05,25.67,26.65,25.639999,26.48,9980600,24.226149
2009-10-02,25.57,26.059999,25.50,25.74,12538500,23.549135
2009-10-01,27.120001,27.25,26.34,26.40,16933300,24.152959
2009-09-30,27.469999,27.51,26.610001,27.120001,11958200,24.811677
2009-09-29,27.16,27.549999,26.889999,27.309999,9063900,24.985504
2009-09-28,26.84,27.379999,26.629999,27.290001,7820100,24.967207
2009-09-25,26.51,26.98,26.190001,26.74,11249300,24.464019
2009-09-24,27.43,27.49,26.57,26.77,11678000,24.491467
2009-09-23,28.459999,28.58,27.33,27.35,11050600,25.0221
2009-09-22,27.889999,28.35,27.629999,28.32,9051900,25.909537
2009-09-21,27.33,27.870001,27.190001,27.450001,9507600,25.113589
2009-09-18,28.030001,28.43,27.41,28.15,16610000,25.754007
2009-09-17,28.200001,28.50,27.549999,27.870001,15929200,25.49784
2009-09-16,27.18,28.360001,27.110001,28.030001,23670700,25.644222
2009-09-15,26.129999,26.99,25.82,26.940001,16485200,24.646997
2009-09-14,25.379999,26.190001,25.120001,26.16,11405300,23.933386
2009-09-11,25.790001,26.450001,25.790001,26.10,15463200,23.878494
2009-09-10,24.98,25.76,24.719999,25.65,14137800,23.466795
2009-09-09,25.25,25.35,24.700001,24.940001,11747000,22.817228
2009-09-08,25.02,25.49,24.75,25.059999,14104900,22.927013
2009-09-04,23.790001,24.66,23.780001,24.540001,10877600,22.451274
2009-09-03,23.549999,24.01,23.469999,23.98,10295300,21.938937
2009-09-02,23.200001,23.73,23.200001,23.34,10021000,21.353412
2009-09-01,23.620001,24.450001,23.450001,23.51,14711700,21.508942
2009-08-31,23.77,23.860001,23.200001,23.709999,16087700,21.691918
2009-08-28,24.65,24.82,23.77,24.129999,14588100,21.993829
2009-08-27,24.51,24.57,23.73,24.40,12344200,22.239927
2009-08-26,24.23,24.780001,24.219999,24.719999,12974100,22.531598
2009-08-25,25.610001,25.709999,24.34,24.52,15246600,22.349305
2009-08-24,25.450001,25.58,25.08,25.280001,15146000,23.042024
2009-08-21,24.68,25.18,24.60,25.049999,23835700,22.832384
2009-08-20,23.76,24.42,23.610001,24.34,17487800,22.185239
2009-08-19,22.799999,23.73,22.540001,23.629999,18603200,21.538093
2009-08-18,22.719999,23.17,22.389999,23.10,11852400,21.055014
2009-08-17,22.90,22.93,22.290001,22.66,13297300,20.653965
2009-08-14,24.00,24.059999,23.10,23.50,13730700,21.419602
2009-08-13,23.530001,24.32,23.24,23.950001,22168300,21.829766
2009-08-12,22.629999,23.50,22.469999,23.290001,19681700,21.228194
2009-08-11,22.700001,22.860001,22.48,22.700001,14546800,20.690425
2009-08-10,21.98,22.83,21.98,22.780001,15289200,20.763343
2009-08-07,22.190001,22.360001,21.719999,22.110001,11707600,20.152656
2009-08-06,22.18,22.35,21.690001,21.93,11824700,19.988591
2009-08-05,22.610001,22.73,21.98,22.10,18091700,20.143541
2009-08-04,22.84,22.959999,22.34,22.74,12327400,20.726883
2009-08-03,22.690001,23.370001,22.530001,23.10,14487800,21.055014
2009-07-31,21.83,22.27,21.610001,22.09,12988400,20.134426
2009-07-30,22.129999,22.27,21.780001,22.02,17787000,20.070624
2009-07-29,21.67,21.780001,21.120001,21.60,19895400,19.687805
2009-07-28,22.65,22.65,21.66,22.00,22109300,20.052394
2009-07-27,23.51,23.58,22.65,22.99,17465000,20.954751
2009-07-24,22.889999,23.540001,22.68,23.48,12897100,21.401372
2009-07-23,21.959999,23.16,21.879999,23.01,13846900,20.972981
2009-07-22,21.76,22.389999,21.65,22.129999,11718900,20.170884
2009-07-21,22.26,22.440001,21.74,22.389999,16732100,20.407867
2009-07-20,22.120001,22.440001,21.40,22.33,21288200,20.35318
2009-07-17,21.469999,21.68,21.219999,21.379999,13599600,19.48728
2009-07-16,20.58,21.66,20.58,21.530001,18497100,19.624002
2009-07-15,20.32,20.889999,20.18,20.780001,16740000,18.940398
2009-07-14,19.82,20.00,19.57,19.82,11606500,18.065383
2009-07-13,18.91,19.549999,18.389999,19.48,16478000,17.755483
2009-07-10,18.58,19.059999,18.219999,18.93,11878000,17.254174
2009-07-09,19.139999,19.450001,18.75,18.940001,15650600,17.263288
2009-07-08,18.719999,19.219999,18.110001,18.719999,21845000,17.062763
2009-07-07,19.34,19.35,18.700001,18.780001,13739400,17.117453
2009-07-06,18.879999,19.389999,18.65,19.35,16901400,17.636992
2009-07-02,20.34,20.34,19.27,19.379999,19653800,17.664335
2009-07-01,21.049999,21.370001,20.620001,20.700001,12535900,18.86748
2009-06-30,20.959999,21.280001,20.469999,20.700001,15382300,18.86748
2009-06-29,21.299999,21.40,20.809999,20.940001,10218700,19.086233
2009-06-26,20.51,21.09,20.50,20.90,21731300,19.049774
2009-06-25,20.200001,20.809999,20.120001,20.639999,19328700,18.812791
2009-06-24,20.809999,21.17,20.40,20.57,11567700,18.748988
2009-06-23,20.27,20.90,20.120001,20.57,15005000,18.748988
2009-06-22,20.84,20.870001,20.00,20.10,17904500,18.320596
2009-06-19,21.75,21.77,21.15,21.379999,14913200,19.48728
2009-06-18,21.74,22.34,21.450001,21.52,18433100,19.614887
2009-06-17,22.290001,22.34,21.42,21.83,19832400,19.897443
2009-06-16,23.620001,23.90,22.41,22.51,13640300,20.517245
2009-06-15,23.51,23.629999,22.90,23.15,11008400,21.100587
2009-06-12,23.75,24.129999,23.60,23.99,15072300,21.866224
2009-06-11,23.51,24.76,23.459999,24.33,18609300,22.176124
2009-06-10,23.49,23.75,22.93,23.360001,13199700,21.291997
2009-06-09,23.27,23.450001,22.83,22.940001,13479200,20.909178
2009-06-08,22.51,23.01,22.32,22.799999,12237600,20.781571
2009-06-05,23.440001,23.440001,22.23,22.82,17394600,20.799801
2009-06-04,22.940001,23.280001,22.700001,22.83,16517800,20.808916
2009-06-03,23.26,23.440001,22.09,22.57,15394700,20.571933
2009-06-02,23.709999,24.00,23.32,23.65,13016100,21.556323
2009-06-01,23.65,24.280001,23.65,23.92,17526000,21.802421
2009-05-29,23.10,23.25,22.700001,22.93,15659600,20.900063
2009-05-28,22.129999,23.049999,21.809999,22.77,15516700,20.754228
2009-05-27,22.40,22.60,22.01,22.059999,15264700,20.025049
2009-05-26,21.00,22.17,20.82,22.17,14075300,20.124902
2009-05-22,21.68,21.879999,21.25,21.299999,9494000,19.335156
2009-05-21,21.73,21.799999,21.040001,21.34,13786100,19.371467
2009-05-20,22.27,23.290001,22.120001,22.24,19638100,20.188445
2009-05-19,22.309999,22.52,21.690001,21.940001,15852100,19.916119
2009-05-18,21.549999,22.190001,21.540001,22.110001,12807000,20.070438
2009-05-15,21.559999,22.049999,20.950001,21.17,13535600,19.217149
2009-05-14,21.719999,22.110001,21.25,21.790001,15746500,19.779957
2009-05-13,22.459999,22.540001,21.559999,21.90,17812800,19.879808
2009-05-12,22.52,23.32,22.030001,22.959999,21248500,20.842027
2009-05-11,23.040001,23.040001,22.200001,22.27,14459200,20.215678
2009-05-08,22.940001,23.59,22.700001,23.33,17567200,21.177897
2009-05-07,24.24,24.24,22.16,22.540001,15875100,20.460772
2009-05-06,22.719999,23.299999,22.60,23.129999,16107800,20.996345
2009-05-05,22.780001,22.85,21.549999,22.16,14976300,20.115825
2009-05-04,21.200001,22.34,21.200001,22.290001,15584500,20.233834
2009-05-01,20.24,21.17,20.110001,20.860001,12659300,18.935745
2009-04-30,20.68,20.98,19.719999,20.219999,18149200,18.354782
2009-04-29,19.84,20.790001,19.76,20.48,13406400,18.590798
2009-04-28,19.370001,19.92,19.370001,19.639999,15078100,17.828285
2009-04-27,19.940001,20.24,19.50,20.01,14829300,18.164154
2009-04-24,20.299999,20.83,20.18,20.620001,17552600,18.717885
2009-04-23,20.049999,20.120001,19.120001,19.790001,18551800,17.964449
2009-04-22,18.91,20.41,18.85,19.870001,23123600,18.037069
2009-04-21,18.209999,20.24,18.209999,19.959999,30151700,18.118766
2009-04-20,18.07,19.450001,18.02,18.790001,29943300,17.056695
2009-04-17,18.469999,19.00,18.27,18.780001,17890800,17.047617
2009-04-16,18.07,18.77,17.690001,18.57,20019100,16.856988
2009-04-15,17.559999,18.00,17.360001,17.860001,17574100,16.212484
2009-04-14,16.74,17.85,16.65,17.65,20801700,16.021855
2009-04-13,16.700001,17.17,16.40,16.969999,13175700,15.404582
2009-04-09,17.059999,17.25,16.700001,17.120001,11163800,15.540746
2009-04-08,16.370001,16.77,15.75,16.530001,14342100,15.005171
2009-04-07,16.60,16.700001,16.139999,16.27,11828500,14.769155
2009-04-06,17.09,17.139999,16.549999,16.99,12571800,15.422737
2009-04-03,16.32,17.48,16.299999,17.33,24008100,15.731374
2009-04-02,16.379999,16.68,15.94,16.32,20819100,14.814542
2009-04-01,15.03,15.84,14.82,15.55,18141700,14.115572
2009-03-31,16.040001,16.18,15.32,15.47,16601200,14.042952
2009-03-30,16.209999,16.299999,15.49,15.82,14647800,14.360665
2009-03-27,16.93,17.09,16.450001,16.67,14803500,15.132256
2009-03-26,17.60,17.950001,17.110001,17.26,21389500,15.667831
2009-03-25,18.299999,18.299999,16.76,17.43,22892200,15.822149
2009-03-24,17.870001,18.50,17.59,18.290001,13294100,16.602818
2009-03-23,17.379999,18.08,17.24,18.059999,19371900,16.394034
2009-03-20,17.98,18.26,16.74,16.84,21730300,15.286575
2009-03-19,18.00,18.68,17.690001,17.809999,20816800,16.167095
2009-03-18,17.18,17.610001,16.48,17.41,20147100,15.803994
2009-03-17,16.40,17.42,16.120001,17.309999,14292900,15.713218
2009-03-16,16.16,16.99,16.00,16.459999,12638400,14.941627
2009-03-13,16.709999,16.85,15.90,16.110001,14863900,14.623915
2009-03-12,15.98,16.32,15.25,16.26,16671500,14.760077
2009-03-11,16.49,16.49,15.35,15.77,16923000,14.315278
2009-03-10,16.08,16.65,16.02,16.35,19364300,14.841775
2009-03-09,15.37,16.450001,15.11,15.72,22552100,14.26989
2009-03-06,15.52,16.030001,14.68,15.12,23403600,13.725238
2009-03-05,15.84,16.26,15.12,15.38,16098200,13.961254
2009-03-04,15.82,16.969999,15.56,16.34,20643200,14.832698
2009-03-03,15.11,15.55,14.80,14.92,15940700,13.543687
2009-03-02,15.85,16.120001,14.71,14.78,14749000,13.416601
2009-02-27,16.23,16.950001,15.91,16.309999,18614200,14.805464
2009-02-26,16.889999,17.67,16.67,16.700001,15069900,15.077792
2009-02-25,17.190001,17.41,16.23,16.57,19301300,14.960419
2009-02-24,16.27,17.10,15.99,17.030001,14977000,15.375737
2009-02-23,17.32,17.559999,15.89,15.97,15389800,14.418703
2009-02-20,16.629999,17.41,16.309999,17.07,19235500,15.41185
2009-02-19,17.450001,17.60,16.90,17.00,12424700,15.34865
2009-02-18,16.50,17.24,16.389999,17.01,17276400,15.357679
2009-02-17,17.49,17.639999,16.33,16.360001,13926800,14.770819
2009-02-13,18.129999,18.76,17.940001,18.290001,11004800,16.513343
2009-02-12,17.969999,18.16,17.15,18.15,14901500,16.386941
2009-02-11,18.74,19.02,17.799999,18.379999,15592300,16.594599
2009-02-10,19.629999,20.00,18.120001,18.33,16191500,16.549456
2009-02-09,20.00,20.51,19.35,19.68,10854600,17.76832
2009-02-06,18.92,19.98,18.629999,19.709999,13095000,17.795405
2009-02-05,18.299999,19.25,17.77,19.139999,17300200,17.280774
2009-02-04,17.48,18.76,17.48,18.459999,16721100,16.666828
2009-02-03,17.27,17.65,16.98,17.389999,14625100,15.700766
2009-02-02,16.889999,17.549999,16.690001,17.139999,11230500,15.47505
2009-01-30,18.49,18.629999,17.120001,17.25,15442700,15.574366
2009-01-29,19.09,19.139999,17.870001,18.02,17334300,16.26957
2009-01-28,18.82,19.700001,18.66,19.469999,13803800,17.578718
2009-01-27,18.860001,19.42,18.09,18.57,15225100,16.766143
2009-01-26,18.700001,19.75,18.43,18.870001,17161400,17.037002
2009-01-23,16.370001,18.66,16.16,18.25,20606500,16.477227
2009-01-22,17.049999,17.59,16.440001,16.85,15329200,15.213221
2009-01-21,17.10,17.809999,16.66,17.719999,14681800,15.99871
2009-01-20,17.360001,18.129999,16.389999,16.610001,14065000,14.996535
2009-01-16,17.790001,17.969999,17.190001,17.74,17909100,16.016768
2009-01-15,17.08,17.559999,16.379999,17.42,16680100,15.727852
2009-01-14,18.00,18.02,17.00,17.200001,15326800,15.529223
2009-01-13,18.01,18.540001,17.559999,18.299999,17903300,16.52237
2009-01-12,18.51,18.92,17.709999,17.93,16604000,16.188312
2009-01-09,20.67,21.18,18.84,19.01,23996700,17.163403
2009-01-08,20.32,21.200001,20.209999,21.16,20061000,19.104555
2009-01-07,20.299999,21.469999,20.10,20.690001,26625200,18.680211
2009-01-06,20.309999,21.15,20.25,20.91,30437000,18.87884
2009-01-05,19.389999,20.32,19.08,19.67,19636900,17.759291
2009-01-02,18.18,19.690001,18.110001,19.450001,13066100,17.560662
2008-12-31,17.17,18.50,17.17,18.18,10388600,16.414027
2008-12-30,17.40,17.73,16.93,17.73,14864000,16.007739
2008-12-29,17.59,17.860001,17.059999,17.48,9367600,15.782023
2008-12-26,16.780001,17.25,16.690001,17.24,5491700,15.565337
2008-12-24,16.49,16.90,16.40,16.719999,3424500,15.095848
2008-12-23,17.07,17.40,16.43,16.60,10741400,14.987506
2008-12-22,17.58,17.85,16.719999,17.01,17361800,15.357679
2008-12-19,17.07,17.860001,16.76,17.51,26820500,15.80911
2008-12-18,18.32,18.50,16.82,16.889999,27394600,15.249335
2008-12-17,18.139999,18.790001,17.860001,18.41,15945600,16.621685
2008-12-16,17.33,18.50,17.33,18.43,19130800,16.639743
2008-12-15,17.67,18.26,16.91,17.26,14693200,15.583394
2008-12-12,15.84,17.379999,15.78,17.18,19845200,15.511166
2008-12-11,16.99,17.780001,16.42,16.940001,20810900,15.294479
2008-12-10,16.25,17.17,16.200001,16.709999,15604700,15.086819
2008-12-09,15.15,16.42,15.02,15.68,16894300,14.156873
2008-12-08,15.07,15.70,14.31,15.31,18162100,13.822814
2008-12-05,13.57,14.45,12.80,14.31,20255600,12.919952
2008-12-04,14.83,15.21,13.32,13.78,18255200,12.441435
2008-12-03,14.90,15.17,13.80,15.10,17525000,13.633213
2008-12-02,15.65,15.68,14.66,15.42,18299500,13.922129
2008-12-01,16.700001,16.84,15.09,15.13,15238700,13.660299
2008-11-28,17.379999,17.799999,17.18,17.60,5843000,15.80911
2008-11-26,15.94,17.73,15.94,17.58,12967600,15.791145
2008-11-25,16.50,16.65,15.53,16.200001,18145600,14.551567
2008-11-24,16.00,16.85,15.33,16.43,19445300,14.758163
2008-11-21,14.07,15.41,13.53,15.33,25413300,13.770094
2008-11-20,15.81,16.10,13.22,13.46,24461800,12.090376
2008-11-19,17.209999,18.07,16.07,16.18,18349100,14.533602
2008-11-18,17.559999,18.00,16.709999,17.66,19450800,15.863004
2008-11-17,17.790001,18.66,17.450001,17.52,14298900,15.73725
2008-11-14,18.07,19.16,17.34,18.110001,21758500,16.267215
2008-11-13,17.41,19.299999,16.18,19.16,24263300,17.210371
2008-11-12,18.139999,18.26,17.17,17.309999,21713800,15.548618
2008-11-11,18.82,19.07,18.00,18.540001,14724900,16.65346
2008-11-10,20.25,20.66,18.83,19.299999,14213000,17.336125
2008-11-07,18.360001,19.74,18.27,19.440001,15783900,17.461881
2008-11-06,18.73,19.08,17.76,18.25,23040200,16.392969
2008-11-05,19.549999,20.559999,18.870001,19.219999,20328100,17.264266
2008-11-04,18.82,20.33,18.75,20.16,19956100,18.108616
2008-11-03,19.209999,19.440001,17.690001,18.360001,22070300,16.491776
2008-10-31,19.23,20.41,18.84,19.790001,20127600,17.776267
2008-10-30,19.92,20.24,18.530001,19.969999,24784700,17.937949
2008-10-29,18.58,20.10,18.41,18.85,23199000,16.931916
2008-10-28,17.42,18.35,15.52,18.25,26270400,16.392969
2008-10-27,18.110001,18.60,16.610001,16.68,20583700,14.982725
2008-10-24,16.75,18.99,16.610001,18.65,25964200,16.752266
2008-10-23,18.00,19.02,17.10,18.74,27529700,16.833108
2008-10-22,19.99,20.049999,17.059999,17.639999,26515100,15.845039
2008-10-21,20.33,22.030001,19.85,20.75,27308300,18.638581
2008-10-20,21.969999,22.530001,19.15,20.799999,31501900,18.683492
2008-10-17,17.24,19.879999,16.559999,18.26,29646200,16.401951
2008-10-16,18.02,18.58,16.17,17.700001,39882400,15.898935
2008-10-15,20.41,20.450001,17.60,17.690001,28968600,15.889952
2008-10-14,23.049999,23.48,20.02,21.34,30560400,19.168545
2008-10-13,18.75,21.85,17.940001,21.51,32324500,19.321247
2008-10-10,17.360001,19.129999,15.55,17.41,43572200,15.638443
2008-10-09,21.809999,22.290001,18.91,18.940001,31697700,17.012758
2008-10-08,21.129999,22.559999,19.290001,20.99,47137800,18.854159
2008-10-07,25.540001,26.33,21.49,21.790001,40814600,19.572756
2008-10-06,26.299999,26.84,22.049999,24.639999,42596200,22.132753
2008-10-03,27.93,28.879999,26.469999,26.799999,23424500,24.072962
2008-10-02,29.93,29.93,27.200001,27.530001,27399200,24.728682
2008-10-01,31.84,32.09,29.629999,30.32,22541300,27.234784
2008-09-30,30.959999,32.779999,30.40,32.389999,18182500,29.09415
2008-09-29,33.00,33.369999,29.00,30.290001,25620200,27.207838
2008-09-26,33.91,34.330002,32.900002,34.00,14180500,30.540325
2008-09-25,35.099998,35.189999,34.099998,34.68,18635300,31.151132
2008-09-24,35.450001,35.810001,34.560001,34.970001,13408000,31.411624
2008-09-23,37.18,37.290001,34.720001,35.189999,24219700,31.609235
2008-09-22,37.91,38.580002,37.220001,37.400002,19465100,33.594359
2008-09-19,35.990002,38.349998,34.75,37.619999,21049100,33.791971
2008-09-18,35.41,36.00,33.799999,34.650002,25899500,31.124186
2008-09-17,35.84,36.279999,34.189999,34.59,23893000,31.07029
2008-09-16,33.57,35.779999,32.720001,35.630001,26544800,32.004465
2008-09-15,36.060001,36.540001,34.009998,34.34,20274700,30.845729
2008-09-12,36.00,37.799999,35.639999,37.299999,19721800,33.504533
2008-09-11,35.400002,35.970001,34.48,35.919998,22966900,32.264954
2008-09-10,35.080002,35.82,34.34,35.580002,25826500,31.959554
2008-09-09,37.369999,37.52,34.529999,34.799999,30424100,31.25892
2008-09-08,40.169998,40.619999,37.349998,37.91,24235600,34.052462
2008-09-05,39.880001,40.119999,38.02,39.369999,21542900,35.363899
2008-09-04,41.200001,41.540001,39.470001,40.130001,14925200,36.046567
2008-09-03,42.389999,42.740002,40.57,41.330002,17482300,37.124462
2008-09-02,42.360001,46.619999,42.110001,42.740002,17469600,38.390987
2008-08-29,45.040001,45.049999,43.939999,43.939999,8000200,39.468878
2008-08-28,46.189999,46.299999,44.099998,44.509998,15691500,39.980877
2008-08-27,46.25,46.259998,45.02,45.77,11271400,41.031826
2008-08-26,45.599998,46.16,44.950001,45.50,9126500,40.789776
2008-08-25,45.419998,45.959999,44.610001,45.060001,8891200,40.395327
2008-08-22,45.919998,46.009998,44.950001,45.459999,9976200,40.753916
2008-08-21,45.799999,46.240002,45.09,45.959999,15669500,41.202155
2008-08-20,44.799999,45.23,44.00,45.169998,14479500,40.493936
2008-08-19,42.75,44.490002,42.75,44.040001,13787400,39.480918
2008-08-18,43.830002,44.139999,42.630001,42.970001,11961500,38.521686
2008-08-15,44.110001,44.119999,42.990002,43.610001,12821700,39.095432
2008-08-14,44.810001,45.279999,43.799999,44.57,10263900,39.956051
2008-08-13,43.50,45.25,43.419998,45.09,13990100,40.42222
2008-08-12,43.580002,44.32,42.790001,43.279999,11601500,38.799592
2008-08-11,43.43,43.900002,42.869999,43.48,16602400,38.978889
2008-08-08,44.650002,44.68,42.41,43.52,15281600,39.014749
2008-08-07,45.200001,45.75,44.18,44.860001,14058600,40.21603
2008-08-06,43.330002,44.990002,42.810001,44.849998,16253900,40.207064
2008-08-05,42.84,43.540001,42.049999,43.400002,19663100,38.907172
2008-08-04,45.73,45.82,42.41,43.380001,19134400,38.889242
2008-08-01,44.75,46.619999,44.669998,45.73,14374300,40.995966
2008-07-31,45.279999,45.990002,44.18,44.82,17899000,40.18017
2008-07-30,44.18,46.00,43.50,45.700001,29165400,40.969072
2008-07-29,46.00,46.419998,43.869999,44.580002,18448500,39.965017
2008-07-28,46.27,46.689999,45.18,45.889999,17385900,41.139402
2008-07-25,45.00,46.299999,44.68,46.02,13771100,41.255945
2008-07-24,44.25,46.029999,43.209999,45.419998,20162300,40.718056
2008-07-23,46.16,46.810001,43.669998,44.169998,19320100,39.597458
2008-07-22,48.310001,49.18,44.880001,46.299999,20037000,41.506958
2008-07-21,47.799999,48.919998,47.060001,48.91,14272900,43.846768
2008-07-18,46.799999,47.68,46.279999,46.98,15431800,42.116564
2008-07-17,46.759998,48.119999,44.82,46.259998,18952400,41.471098
2008-07-16,46.689999,47.34,45.150002,46.57,17550600,41.749008
2008-07-15,48.830002,49.060001,46.650002,46.759998,13519000,41.919338
2008-07-14,48.23,50.080002,48.23,49.189999,9534300,44.097781
2008-07-11,48.240002,48.98,47.169998,48.040001,11868200,43.066832
2008-07-10,46.849998,48.119999,46.16,47.990002,13725600,43.022009
2008-07-09,48.169998,48.630001,46.68,46.759998,12503700,41.919338
2008-07-08,48.450001,48.450001,46.23,47.439999,17881500,42.528943
2008-07-07,50.27,51.080002,48.400002,49.00,14990600,43.927451
2008-07-03,53.060001,53.82,50.25,50.549999,11406800,45.316992
2008-07-02,54.25,55.380001,52.91,52.939999,22610500,47.459576
2008-07-01,53.080002,53.98,52.540001,53.91,12390700,48.329161
2008-06-30,52.639999,53.970001,52.580002,53.07,12893700,47.576119
2008-06-27,51.59,52.400002,50.880001,52.16,12711400,46.760323
2008-06-26,51.07,52.080002,50.130001,51.009998,13914900,45.729372
2008-06-25,52.32,52.77,49.889999,50.84,14843700,45.576972
2008-06-24,52.849998,53.41,52.00,52.130001,12390000,46.73343
2008-06-23,50.009998,53.110001,50.00,53.009998,15006400,47.522329
2008-06-20,50.669998,51.310001,49.959999,50.029999,11383400,44.850823
2008-06-19,51.259998,51.709999,50.049999,50.150002,14262500,44.958403
2008-06-18,50.43,50.73,49.240002,50.380001,8546100,45.164592
2008-06-17,48.790001,50.470001,48.509998,50.369999,9684500,45.155626
2008-06-16,48.720001,49.439999,48.290001,48.790001,7550900,43.739191
2008-06-13,48.580002,48.759998,47.939999,48.139999,9046800,43.156479
2008-06-12,49.220001,49.450001,48.169998,48.360001,8529700,43.353705
2008-06-11,50.080002,50.779999,48.700001,49.369999,7933000,44.259147
2008-06-10,50.50,50.82,48.77,49.68,11863100,44.537057
2008-06-09,49.73,51.189999,49.50,50.599998,9879300,45.361815
2008-06-06,49.740002,51.119999,49.32,49.389999,13814800,44.277077
2008-06-05,47.150002,49.32,47.150002,49.299999,12028900,44.196394
2008-06-04,46.57,48.139999,46.549999,46.889999,12210000,42.035881
2008-06-03,47.84,48.380001,46.700001,46.75,11474300,41.910374
2008-06-02,48.580002,48.790001,47.68,48.049999,8545800,43.075796
2008-05-30,48.880001,49.279999,48.330002,48.580002,11002400,43.550932
2008-05-29,48.490002,48.919998,47.75,48.43,12136500,43.416459
2008-05-28,48.00,48.98,47.119999,48.900002,11473400,43.757121
2008-05-27,47.470001,48.59,46.82,48.119999,9654500,43.059152
2008-05-23,48.18,48.959999,47.189999,47.77,15078300,42.745963
2008-05-22,48.650002,48.799999,47.310001,48.279999,10833000,43.202325
2008-05-21,49.939999,50.290001,48.439999,48.439999,11986400,43.345497
2008-05-20,49.220001,49.919998,48.91,49.919998,11084300,44.669843
2008-05-19,49.610001,49.779999,48.720001,49.07,9708400,43.90924
2008-05-16,48.77,49.48,48.400002,49.48,11860200,44.27612
2008-05-15,48.290001,48.849998,47.189999,48.330002,13813300,43.247069
2008-05-14,48.950001,48.950001,47.77,47.860001,13144500,42.826498
2008-05-13,47.400002,48.790001,46.509998,48.790001,13222300,43.658689
2008-05-12,47.799999,47.799999,46.849998,47.439999,8286100,42.450668
2008-05-09,48.060001,48.490002,46.919998,48.119999,10038000,43.059152
2008-05-08,46.619999,48.029999,46.330002,48.009998,10795200,42.96072
2008-05-07,47.049999,47.150002,45.84,46.639999,11161600,41.734806
2008-05-06,46.139999,47.00,45.50,46.720001,12136400,41.806394
2008-05-05,45.849998,46.759998,45.200001,45.93,9339200,41.099479
2008-05-02,45.16,45.509998,44.490002,45.23,11437000,40.473098
2008-05-01,45.43,45.66,43.759998,44.919998,13997300,40.1957
2008-04-30,45.34,46.57,45.110001,45.91,12816400,41.081582
2008-04-29,46.369999,46.419998,44.900002,44.98,15397600,40.249391
2008-04-28,47.00,47.240002,46.200001,46.799999,10030000,41.877979
2008-04-25,46.91,47.48,46.450001,46.91,13763700,41.97641
2008-04-24,47.00,47.810001,45.75,46.880001,15075400,41.949567
2008-04-23,48.18,48.18,46.720001,47.48,15663200,42.486462
2008-04-22,46.91,48.330002,46.57,47.98,13347700,42.933877
2008-04-21,47.189999,47.720001,45.869999,47.459999,17495600,42.468565
2008-04-18,44.610001,47.77,44.209999,47.43,26553800,42.441722
2008-04-17,44.75,45.380001,44.389999,45.150002,12545800,40.401513
2008-04-16,44.709999,45.02,43.759998,45.00,19007800,40.267288
2008-04-15,44.880001,44.93,44.099998,44.529999,13000600,39.846717
2008-04-14,43.959999,44.380001,43.369999,44.080002,12748800,39.444047
2008-04-11,43.189999,44.049999,43.07,43.52,13437800,38.942942
2008-04-10,42.610001,43.689999,42.610001,43.540001,18031400,38.960839
2008-04-09,42.09,42.57,41.709999,42.16,10472700,37.725974
2008-04-08,41.529999,42.240002,41.119999,41.91,12108600,37.502267
2008-04-07,41.599998,42.310001,41.299999,41.639999,18459600,37.260663
2008-04-04,40.400002,41.599998,40.18,41.07,18264900,36.750611
2008-04-03,39.98,40.470001,39.91,40.18,18298600,35.954214
2008-04-02,39.34,40.450001,38.93,40.18,14876200,35.954214
2008-04-01,39.400002,39.639999,38.560001,39.419998,15515600,35.274142
2008-03-31,39.25,39.98,38.700001,39.330002,14757800,35.193611
2008-03-28,39.209999,39.68,38.650002,39.209999,12487300,35.086229
2008-03-27,39.32,39.82,39.060001,39.099998,19255600,34.987798
2008-03-26,37.310001,39.110001,37.310001,38.970001,20627900,34.871472
2008-03-25,36.75,37.98,36.75,37.450001,14178300,33.511332
2008-03-24,36.310001,37.330002,36.279999,36.630001,12744900,32.777573
2008-03-20,35.509998,36.450001,35.150002,36.23,18789400,32.41964
2008-03-19,37.380001,37.619999,35.82,35.880001,18469500,32.106452
2008-03-18,37.23,37.630001,37.02,37.630001,21803300,33.672402
2008-03-17,37.00,37.669998,36.290001,36.599998,21940000,32.750726
2008-03-14,38.82,38.889999,37.41,38.400002,12549900,34.36142
2008-03-13,37.540001,38.869999,36.970001,38.57,16303700,34.51354
2008-03-12,38.349998,38.669998,37.68,37.919998,10272800,33.9319
2008-03-11,37.740002,38.439999,37.450001,38.369999,13186900,34.334573
2008-03-10,37.950001,38.23,36.82,36.98,16741000,33.090762
2008-03-07,38.299999,38.700001,37.619999,37.990002,11241500,33.994541
2008-03-06,38.990002,39.32,38.48,38.639999,16175600,34.576177
2008-03-05,38.599998,39.439999,38.400002,39.259998,16640200,35.13097
2008-03-04,38.130001,38.630001,37.57,38.209999,14097200,34.191401
2008-03-03,38.32,38.990002,37.970001,38.560001,12488200,34.504593
2008-02-29,38.75,38.810001,37.91,38.299999,14095900,34.271935
2008-02-28,37.549999,39.360001,37.549999,39.060001,21034700,34.952007
2008-02-27,37.27,37.830002,37.16,37.549999,11165000,33.520278
2008-02-26,36.849998,37.759998,36.560001,37.560001,15367200,33.529207
2008-02-25,36.16,37.439999,36.16,37.09,16831000,33.109645
2008-02-22,36.139999,36.330002,35.34,36.16,12086400,32.279448
2008-02-21,36.689999,36.700001,35.790001,36.060001,12011300,32.190181
2008-02-20,36.169998,36.93,35.919998,36.720001,10898300,32.779353
2008-02-19,36.369999,36.91,36.209999,36.330002,14140100,32.431206
2008-02-15,35.639999,36.119999,35.130001,35.84,9658800,31.99379
2008-02-14,35.970001,36.349998,35.689999,35.84,13154700,31.99379
2008-02-13,34.889999,35.77,34.619999,35.669998,14312800,31.842032
2008-02-12,34.779999,35.48,34.380001,34.57,14405700,30.860081
2008-02-11,33.779999,34.700001,33.610001,34.59,12337000,30.877935
2008-02-08,33.34,33.939999,33.130001,33.740002,10486000,30.119155
2008-02-07,33.029999,34.080002,32.93,33.580002,10105600,29.976326
2008-02-06,34.259998,34.490002,33.310001,33.459999,12892400,29.869201
2008-02-05,34.16,34.59,33.77,34.09,15041100,30.431593
2008-02-04,34.23,34.869999,33.880001,34.709999,15364500,30.985056
2008-02-01,33.349998,33.98,32.880001,33.73,13607800,30.110226
2008-01-31,32.509998,33.310001,32.349998,33.169998,17271600,29.610322
2008-01-30,33.450001,34.029999,32.93,33.060001,13669600,29.51213
2008-01-29,33.880001,34.23,33.34,33.73,12152900,30.110226
2008-01-28,33.849998,34.049999,32.540001,33.549999,13579400,29.949543
2008-01-25,33.73,34.509998,32.779999,33.09,24917200,29.538909
2008-01-24,31.610001,32.830002,31.389999,32.369999,18879400,28.896176
2008-01-23,31.07,31.76,30.01,31.66,33748900,28.262371
2008-01-22,30.280001,32.25,30.00,31.950001,25041700,28.52125
2008-01-18,32.360001,32.900002,31.049999,32.400002,28351600,28.922959
2008-01-17,35.00,35.02,32.939999,33.299999,19850900,29.726372
2008-01-16,34.91,35.50,33.919998,34.529999,18656900,30.824373
2008-01-15,36.00,36.220001,35.09,35.360001,14231200,31.565302
2008-01-14,36.139999,36.650002,35.860001,36.490002,9409400,32.574036
2008-01-11,36.00,36.34,35.68,35.919998,13297600,32.065203
2008-01-10,36.540001,36.580002,35.700001,36.189999,15601100,32.306228
2008-01-09,36.529999,37.310001,35.919998,36.740002,18241500,32.797207
2008-01-08,37.52,38.060001,36.400002,36.560001,11488400,32.636523
2008-01-07,38.200001,38.25,36.50,37.349998,15327600,33.341741
2008-01-04,39.00,39.00,37.810001,38.009998,11450000,33.930912
2008-01-03,38.889999,39.669998,38.799999,39.119999,10216200,34.921792
2008-01-02,38.049999,38.98,38.040001,38.689999,10321900,34.537937
2007-12-31,37.830002,38.240002,37.52,37.91,5482200,33.841645
2007-12-28,38.150002,38.27,37.75,38.02,4818900,33.939841
2007-12-27,37.759998,38.299999,37.759998,37.939999,5896600,33.868425
2007-12-26,37.59,38.50,37.310001,38.150002,7409500,34.055891
2007-12-24,37.450001,37.66,37.139999,37.459999,2324700,33.439937
2007-12-21,36.650002,37.75,36.639999,37.290001,11204200,33.288182
2007-12-20,36.209999,36.639999,35.939999,36.540001,7242000,32.618669
2007-12-19,36.450001,36.849998,36.049999,36.189999,8873600,32.306228
2007-12-18,37.00,37.139999,36.080002,36.450001,11655000,32.538328
2007-12-17,37.360001,37.439999,36.310001,36.669998,13176100,32.734716
2007-12-14,38.66,38.66,37.439999,37.599998,10382300,33.564912
2007-12-13,38.07,38.790001,38.00,38.709999,7903800,34.555792
2007-12-12,38.450001,38.689999,38.18,38.599998,11953200,34.457596
2007-12-11,38.23,38.869999,37.650002,37.869999,12266800,33.805937
2007-12-10,37.580002,38.139999,37.27,38.040001,9249800,33.957695
2007-12-07,37.77,38.139999,37.34,37.549999,7353300,33.520278
2007-12-06,36.889999,38.02,36.799999,37.779999,10974000,33.725595
2007-12-05,36.630001,37.310001,36.630001,36.900002,10779100,32.940036
2007-12-04,36.529999,36.529999,36.00,36.290001,10286400,32.395498
2007-12-03,36.57,36.970001,36.169998,36.68,9395900,32.743644
2007-11-30,37.169998,37.169998,36.209999,36.610001,11242700,32.681157
2007-11-29,36.259998,36.950001,36.130001,36.59,12343200,32.663303
2007-11-28,35.919998,36.290001,35.700001,35.849998,17260700,31.922375
2007-11-27,35.349998,35.43,34.419998,35.080002,22470700,31.236737
2007-11-26,36.799999,37.27,35.669998,35.830002,10826300,31.904569
2007-11-23,36.560001,36.959999,36.110001,36.810001,3768700,32.777202
2007-11-21,36.759998,37.060001,36.200001,36.389999,8675500,32.403215
2007-11-20,36.470001,37.419998,36.380001,37.139999,10875800,33.071047
2007-11-19,36.790001,37.110001,36.130001,36.34,14872300,32.358693
2007-11-16,36.98,37.200001,36.509998,37.02,10893900,32.964195
2007-11-15,36.799999,37.490002,36.279999,36.57,12550500,32.563495
2007-11-14,38.00,38.209999,36.970001,37.02,11308800,32.964195
2007-11-13,36.900002,37.59,36.59,37.450001,14941600,33.347085
2007-11-12,38.450001,38.450001,36.68,36.810001,15922500,32.777202
2007-11-09,39.669998,39.669998,38.27,38.470001,14841600,34.255337
2007-11-08,40.130001,40.57,39.080002,39.849998,14997700,35.484146
2007-11-07,40.50,40.880001,39.849998,39.939999,11596100,35.564286
2007-11-06,39.919998,40.700001,39.919998,40.639999,16953700,36.187597
2007-11-05,39.310001,40.119999,39.040001,39.759998,8241900,35.404006
2007-11-02,39.860001,40.48,39.049999,40.310001,12119900,35.893752
2007-11-01,39.049999,40.419998,38.939999,39.18,13491500,34.887551
2007-10-31,39.720001,39.779999,38.599998,39.419998,13613700,35.101255
2007-10-30,40.48,40.48,39.029999,39.130001,12916300,34.84303
2007-10-29,41.669998,41.900002,40.48,40.59,13069100,36.143075
2007-10-26,41.50,41.689999,40.880001,41.279999,11670400,36.75748
2007-10-25,40.860001,41.23,40.00,41.009998,13245500,36.51706
2007-10-24,40.130001,40.779999,39.610001,40.540001,12629400,36.098554
2007-10-23,39.639999,40.48,39.52,40.290001,13633000,35.875943
2007-10-22,37.970001,40.869999,37.82,39.330002,27156800,35.021119
2007-10-19,39.93,39.950001,37.799999,38.849998,35792600,34.593703
2007-10-18,41.060001,41.459999,40.619999,41.009998,7822800,36.51706
2007-10-17,41.549999,41.549999,40.860001,41.18,10353300,36.668437
2007-10-16,41.580002,41.66,40.939999,41.25,9246200,36.730767
2007-10-15,41.810001,41.950001,41.200001,41.48,13416100,36.935569
2007-10-12,40.740002,41.369999,40.330002,41.16,9382400,36.650627
2007-10-11,40.400002,41.299999,40.200001,40.630001,17452900,36.178694
2007-10-10,39.279999,40.25,39.259998,40.049999,12229200,35.662235
2007-10-09,39.049999,39.549999,38.810001,39.459999,9039700,35.136874
2007-10-08,38.57,38.889999,38.310001,38.869999,8069000,34.611513
2007-10-05,39.50,39.669998,38.900002,38.98,9214500,34.709462
2007-10-04,39.02,39.759998,38.52,39.509998,9424200,35.181395
2007-10-03,39.00,39.419998,38.650002,39.130001,9906300,34.84303
2007-10-02,38.549999,39.25,38.34,39.080002,11025600,34.798508
2007-10-01,38.400002,39.080002,38.200001,38.84,14149500,34.5848
2007-09-28,38.450001,39.009998,37.23,38.400002,11048100,34.193007
2007-09-27,38.470001,38.98,38.470001,38.610001,9744700,34.379999
2007-09-26,38.32,38.98,37.869999,38.400002,14573600,34.193007
2007-09-25,38.139999,38.25,37.57,38.00,10526200,33.836828
2007-09-24,39.009998,39.169998,38.529999,38.57,11736600,34.34438
2007-09-21,38.57,39.060001,38.349998,38.950001,13801500,34.68275
2007-09-20,38.009998,38.490002,37.830002,38.349998,11896100,34.148482
2007-09-19,37.900002,38.490002,37.84,38.02,12950500,33.854637
2007-09-18,36.939999,37.75,36.849998,37.610001,12017200,33.489556
2007-09-17,36.970001,37.139999,36.580002,36.740002,8330100,32.714872
2007-09-14,36.700001,37.299999,36.700001,37.110001,10521000,33.044335
2007-09-13,36.75,37.049999,36.490002,36.860001,9413300,32.821724
2007-09-12,35.869999,36.889999,35.700001,36.619999,14914000,32.608016
2007-09-11,35.240002,36.040001,35.240002,35.830002,12520900,31.904569
2007-09-10,35.279999,35.41,34.540001,35.259998,9694300,31.397013
2007-09-07,35.110001,35.360001,34.650002,35.240002,10384200,31.379207
2007-09-06,35.34,35.919998,35.169998,35.580002,11464600,31.681958
2007-09-05,34.77,35.400002,34.709999,35.34,10667800,31.46825
2007-09-04,34.549999,35.400002,34.450001,34.990002,10364800,31.156597
2007-08-31,34.50,34.939999,34.34,34.59,10874400,30.800418
2007-08-30,33.599998,34.689999,33.439999,34.119999,14873900,30.381909
2007-08-29,33.049999,34.049999,33.00,33.709999,15127100,30.016828
2007-08-28,33.25,33.419998,32.869999,32.950001,11514700,29.259953
2007-08-27,33.560001,33.700001,33.23,33.419998,12532000,29.677315
2007-08-24,33.349998,34.00,33.349998,33.73,14453900,29.9526
2007-08-23,32.799999,33.50,32.75,33.369999,34560500,29.632915
2007-08-22,32.560001,33.00,32.450001,32.599998,12825900,28.949147
2007-08-21,32.200001,33.060001,32.200001,32.419998,16604200,28.789305
2007-08-20,32.279999,32.810001,31.93,32.630001,17449800,28.975789
2007-08-17,32.669998,33.119999,32.080002,32.25,25941400,28.638344
2007-08-16,32.09,32.459999,30.809999,31.969999,27211000,28.389701
2007-08-15,32.779999,33.400002,32.369999,32.529999,16133000,28.886986
2007-08-14,33.419998,33.93,32.869999,32.889999,15563600,29.206671
2007-08-13,33.759998,34.50,33.099998,33.220001,15818800,29.499716
2007-08-10,32.900002,33.400002,31.549999,33.23,32760000,29.508595
2007-08-09,33.810001,34.540001,33.009998,33.439999,23192000,29.695076
2007-08-08,34.68,35.07,34.209999,34.470001,28297700,30.609729
2007-08-07,34.099998,35.049999,33.669998,34.689999,19214400,30.805089
2007-08-06,34.98,34.98,33.439999,34.299999,22828500,30.458766
2007-08-03,35.50,35.709999,34.27,34.27,19779100,30.432126
2007-08-02,35.700001,36.00,34.98,35.459999,17665900,31.488858
2007-08-01,35.810001,37.799999,34.419998,35.66,26502000,31.666461
2007-07-31,36.450001,36.93,35.939999,36.02,13687500,31.986145
2007-07-30,36.240002,36.580002,35.59,36.330002,13523900,32.26143
2007-07-27,36.52,37.189999,35.84,36.060001,18800000,32.021666
2007-07-26,37.099998,37.650002,35.630001,36.869999,20423100,32.740953
2007-07-25,37.470001,37.68,36.779999,37.549999,13869600,33.3448
2007-07-24,37.240002,37.50,37.009998,37.240002,19950400,33.069519
2007-07-23,38.00,38.290001,36.869999,37.740002,26603200,33.513525
2007-07-20,36.740002,37.209999,36.07,36.57,21908200,32.47455
2007-07-19,35.849998,36.599998,35.720001,36.400002,15072200,32.32359
2007-07-18,35.07,35.689999,35.07,35.650002,15897400,31.657582
2007-07-17,35.529999,35.849998,35.16,35.299999,15029400,31.346776
2007-07-16,35.509998,35.669998,34.919998,35.43,13869500,31.462219
2007-07-13,34.82,35.68,34.799999,35.509998,20735900,31.533258
2007-07-12,34.75,35.049999,34.419998,34.990002,18932900,31.071495
2007-07-11,34.599998,34.669998,34.16,34.419998,16340300,30.565326
2007-07-10,34.970001,35.34,34.700001,34.970001,12705500,31.053735
2007-07-09,34.919998,35.220001,34.860001,35.09,10299400,31.160295
2007-07-06,34.599998,35.029999,34.529999,34.860001,11204000,30.956053
2007-07-05,35.00,35.00,33.799999,34.50,22364600,30.636368
2007-07-03,35.07,35.099998,34.759998,34.860001,5496300,30.956053
2007-07-02,34.560001,35.060001,34.400002,34.950001,9289900,31.035974
2007-06-29,34.860001,35.049999,34.27,34.50,12989300,30.636368
2007-06-28,34.900002,35.330002,34.349998,34.52,12673800,30.654129
2007-06-27,34.16,34.970001,33.77,34.810001,20081700,30.911653
2007-06-26,35.07,35.09,34.23,34.43,17053600,30.574208
2007-06-25,35.470001,35.470001,34.759998,35.060001,20329000,31.133656
2007-06-22,35.950001,36.02,35.060001,35.720001,23016300,31.719743
2007-06-21,35.41,35.970001,35.130001,35.900002,17109600,31.879585
2007-06-20,36.25,36.389999,35.110001,35.189999,19908300,31.249095
2007-06-19,35.889999,36.740002,35.73,36.200001,15508400,32.145987
2007-06-18,35.849998,36.369999,35.50,35.919998,17500300,31.897342
2007-06-15,36.560001,36.669998,36.259998,36.369999,14955500,32.296948
2007-06-14,35.82,36.610001,35.75,36.259998,14339700,32.199266
2007-06-13,34.849998,35.75,34.720001,35.50,19887600,31.524379
2007-06-12,35.110001,35.209999,34.580002,34.68,13896700,30.796211
2007-06-11,35.150002,35.580002,34.900002,35.259998,9175500,31.311255
2007-06-08,35.00,35.389999,34.549999,35.240002,13697500,31.293498
2007-06-07,35.700001,35.990002,34.939999,35.029999,18036000,31.107013
2007-06-06,36.27,36.330002,35.549999,35.790001,13923500,31.781903
2007-06-05,36.009998,36.650002,36.009998,36.330002,12727900,32.26143
2007-06-04,35.830002,36.540001,35.490002,36.439999,18096700,32.359108
2007-06-01,36.150002,36.330002,35.799999,35.830002,11195800,31.817424
2007-05-31,36.119999,36.389999,35.77,35.950001,13239700,31.923985
2007-05-30,35.50,36.220001,35.00,36.099998,20276000,32.057184
2007-05-29,35.970001,36.200001,35.509998,35.790001,14412800,31.701981
2007-05-25,36.220001,36.27,35.889999,36.119999,12687300,31.994286
2007-05-24,36.639999,37.040001,35.610001,35.900002,21476300,31.799417
2007-05-23,36.639999,37.139999,36.299999,36.689999,17141500,32.499179
2007-05-22,37.099998,37.200001,36.220001,36.299999,19782000,32.153726
2007-05-21,36.580002,37.18,36.150002,36.709999,21502300,32.516895
2007-05-18,36.599998,36.75,35.880001,36.459999,24184200,32.29545
2007-05-17,35.689999,36.529999,35.389999,36.349998,26324700,32.198014
2007-05-16,34.299999,35.73,34.02,35.59,44003000,31.524825
2007-05-15,33.970001,34.52,33.75,34.02,14886600,30.134154
2007-05-14,33.549999,34.209999,33.450001,34.07,20318800,30.178442
2007-05-11,33.00,33.689999,32.779999,33.560001,18384200,29.726697
2007-05-10,33.189999,33.43,32.75,32.810001,19912300,29.062364
2007-05-09,32.330002,33.279999,32.220001,33.150002,26264000,29.363529
2007-05-08,32.240002,32.52,31.75,32.369999,13757500,28.67262
2007-05-07,32.110001,32.299999,31.99,32.259998,13186900,28.575184
2007-05-04,32.450001,32.700001,32.110001,32.279999,21486600,28.5929
2007-05-03,31.93,32.450001,31.83,32.27,17755000,28.584043
2007-05-02,31.450001,32.02,31.389999,31.93,21803900,28.282879
2007-05-01,31.690001,31.83,31.00,31.389999,25345900,27.804558
2007-04-30,31.77,32.400002,31.690001,31.77,29048900,28.141155
2007-04-27,31.639999,32.139999,31.42,31.75,25419200,28.123439
2007-04-26,31.950001,32.220001,31.440001,31.629999,27460200,28.017145
2007-04-25,31.34,31.940001,30.99,31.540001,29451100,27.937426
2007-04-24,31.549999,31.620001,30.99,31.09,21437500,27.538825
2007-04-23,31.73,31.85,31.48,31.51,17723500,27.910852
2007-04-20,32.50,32.50,31.370001,31.65,24319700,28.03486
2007-04-19,32.110001,32.25,31.84,32.02,14729900,28.362599
2007-04-18,32.400002,32.639999,32.00,32.360001,16355100,28.663763
2007-04-17,33.00,33.07,32.27,32.580002,23266400,28.858636
2007-04-16,32.669998,32.990002,32.490002,32.91,24165500,29.15094
2007-04-13,32.73,32.84,32.50,32.669998,12816500,28.938352
2007-04-12,32.619999,32.790001,32.049999,32.720001,21359300,28.982644
2007-04-11,32.900002,33.400002,32.32,32.450001,27245300,28.743484
2007-04-10,32.650002,32.919998,32.48,32.860001,17475400,29.106652
2007-04-09,33.02,33.049999,32.43,32.599998,17985200,28.876348
2007-04-05,32.650002,33.18,32.200001,32.939999,16593000,29.177513
2007-04-04,32.700001,32.93,32.400002,32.84,20005300,29.088936
2007-04-03,32.700001,32.950001,32.27,32.759998,46993200,29.018072
2007-04-02,31.799999,32.389999,31.66,32.27,32970400,28.584043
2007-03-30,32.060001,32.200001,31.50,31.74,19332900,28.114581
2007-03-29,31.379999,32.360001,31.139999,32.040001,39687600,28.380315
2007-03-28,31.23,31.360001,30.85,31.309999,36191700,27.733696
2007-03-27,31.370001,31.370001,30.90,31.040001,57900700,27.494537
2007-03-26,31.25,31.40,30.790001,31.370001,32579900,27.786844
2007-03-23,30.84,31.25,30.73,31.08,31637300,27.529968
2007-03-22,30.860001,30.90,30.25,30.75,27559900,27.237661
2007-03-21,30.60,30.860001,30.219999,30.690001,38940600,27.184515
2007-03-20,32.299999,32.560001,29.58,30.50,99347800,27.016217
2007-03-19,32.299999,32.68,32.259998,32.400002,17103900,28.699195
2007-03-16,32.139999,32.369999,31.799999,32.060001,19243700,28.398031
2007-03-15,32.00,32.299999,31.73,32.139999,13460900,28.468891
2007-03-14,31.83,32.139999,31.26,31.83,23224100,28.194301
2007-03-13,32.32,32.720001,31.77,31.799999,22850500,28.167727
2007-03-12,32.00,32.299999,31.83,32.189999,13683500,28.513179
2007-03-09,32.09,32.299999,31.60,32.02,25184200,28.362599
2007-03-08,31.690001,31.950001,31.290001,31.73,26876000,28.105723
2007-03-07,31.07,31.90,30.860001,31.450001,28395500,27.857706
2007-03-06,30.639999,31.190001,30.57,30.969999,16013100,27.432531
2007-03-05,30.48,31.10,30.24,30.280001,15653200,26.821346
2007-03-02,31.34,31.65,30.809999,30.98,18973200,27.441389
2007-03-01,30.540001,31.77,30.18,31.34,19822100,27.76027
2007-02-28,30.969999,31.370001,30.85,30.92,23563200,27.388243
2007-02-27,31.32,32.00,30.610001,30.73,24556400,27.219945
2007-02-26,31.77,32.299999,31.77,31.90,15883100,28.189872
2007-02-23,31.65,32.049999,31.52,31.549999,16166300,27.880579
2007-02-22,30.360001,31.59,30.10,31.51,21030000,27.845232
2007-02-21,30.040001,30.40,29.700001,30.27,13487400,26.74945
2007-02-20,29.85,30.07,29.700001,30.040001,9238000,26.546201
2007-02-16,30.27,30.49,30.00,30.049999,14586700,26.555036
2007-02-15,30.49,30.49,29.98,30.379999,15576500,26.846655
2007-02-14,30.610001,30.90,30.27,30.700001,14866800,27.129439
2007-02-13,29.790001,30.90,29.780001,30.65,23705800,27.085253
2007-02-12,29.77,29.77,29.459999,29.73,12727400,26.272254
2007-02-09,29.790001,30.25,29.59,29.91,13994900,26.431319
2007-02-08,29.690001,29.809999,29.35,29.719999,14128500,26.263417
2007-02-07,30.00,30.030001,29.530001,29.639999,14936100,26.192721
2007-02-06,30.129999,30.129999,29.66,29.889999,11206600,26.413645
2007-02-05,30.049999,30.07,29.82,29.82,12179800,26.351787
2007-02-02,29.719999,29.93,29.450001,29.75,14285500,26.289928
2007-02-01,29.709999,29.83,29.379999,29.620001,14634000,26.175049
2007-01-31,29.120001,29.610001,29.040001,29.540001,16388400,26.104353
2007-01-30,28.93,29.40,28.90,29.32,19601500,25.909939
2007-01-29,29.15,29.26,28.709999,28.76,17001300,25.41507
2007-01-26,29.50,29.99,29.049999,29.15,37817300,25.759711
2007-01-25,30.10,30.23,29.52,29.74,18228100,26.281091
2007-01-24,29.68,30.40,29.530001,30.15,17927300,26.643406
2007-01-23,29.57,30.030001,29.549999,29.73,28704100,26.272254
2007-01-22,29.639999,29.82,29.209999,29.32,18302300,25.909939
2007-01-19,29.030001,29.450001,28.690001,29.370001,23209500,25.954125
2007-01-18,29.120001,29.34,28.40,28.629999,16786800,25.300189
2007-01-17,28.799999,29.24,28.700001,29.059999,19320500,25.680178
2007-01-16,29.01,29.139999,28.49,28.799999,17306000,25.450417
2007-01-12,28.49,29.200001,28.360001,29.120001,18745100,25.733201
2007-01-11,28.299999,28.889999,28.120001,28.27,29708800,24.98206
2007-01-10,28.549999,28.66,27.65,28.360001,22123200,25.061593
2007-01-09,28.65,28.889999,28.26,28.709999,21716700,25.370885
2007-01-08,29.370001,29.450001,28.76,28.959999,14436500,25.591808
2007-01-05,29.07,29.40,28.60,29.00,24985200,25.627157
2007-01-04,29.870001,29.91,29.16,29.23,26719700,25.830406
2007-01-03,30.90,30.90,29.52,29.870001,23976800,26.395972
2006-12-29,31.00,31.25,30.93,31.049999,8338000,27.438731
2006-12-28,31.35,31.48,31.120001,31.26,7789500,27.624308
2006-12-27,31.26,31.42,30.799999,31.35,8527000,27.703841
2006-12-26,31.76,31.76,30.860001,31.17,8782500,27.544775
2006-12-22,31.76,31.98,31.00,31.459999,8272600,27.801046
2006-12-21,31.719999,32.16,31.559999,31.76,10123100,28.066155
2006-12-20,32.299999,32.490002,31.90,31.959999,18191400,28.242893
2006-12-19,31.799999,32.540001,31.530001,32.299999,12734500,28.54335
2006-12-18,32.860001,32.869999,31.90,31.940001,15650900,28.225221
2006-12-15,33.240002,33.369999,32.77,32.869999,13168500,29.047056
2006-12-14,32.880001,33.48,32.82,33.220001,14362600,29.356351
2006-12-13,32.41,32.950001,32.349998,32.720001,10114900,28.914504
2006-12-12,32.700001,33.080002,32.189999,32.25,15855800,28.499166
2006-12-11,32.700001,32.849998,32.439999,32.599998,12592300,28.808458
2006-12-08,33.060001,33.299999,32.599998,32.810001,10269400,28.994036
2006-12-07,33.220001,33.360001,32.759998,32.91,10039700,29.082404
2006-12-06,33.209999,33.50,32.950001,33.169998,12415300,29.312164
2006-12-05,33.549999,33.77,32.889999,33.209999,14204400,29.347512
2006-12-04,33.529999,33.779999,33.110001,33.299999,7956600,29.427045
2006-12-01,33.650002,33.689999,33.009998,33.529999,12809100,29.630294
2006-11-30,33.790001,34.299999,33.610001,33.740002,14483400,29.815873
2006-11-29,32.700001,33.860001,32.700001,33.639999,13791800,29.727501
2006-11-28,32.150002,32.919998,32.119999,32.709999,11926300,28.839388
2006-11-27,32.369999,32.599998,31.74,31.879999,9151500,28.107603
2006-11-24,32.540001,33.00,32.290001,32.290001,6044000,28.469088
2006-11-22,32.66,33.060001,32.150002,32.610001,12290200,28.751222
2006-11-21,32.50,32.799999,32.50,32.66,10152800,28.795305
2006-11-20,32.509998,32.650002,32.00,32.330002,12377700,28.504356
2006-11-17,32.200001,32.799999,31.82,32.599998,16644900,28.742404
2006-11-16,34.200001,34.290001,32.470001,32.509998,23203100,28.663053
2006-11-15,32.830002,33.880001,32.700001,33.549999,26108300,29.57999
2006-11-14,32.299999,32.66,32.009998,32.07,12300500,28.27512
2006-11-13,31.790001,32.34,31.52,31.99,13272500,28.204587
2006-11-10,32.00,32.310001,31.469999,31.790001,10284200,28.028254
2006-11-09,32.139999,32.970001,31.92,32.110001,17375200,28.310388
2006-11-08,31.10,32.119999,30.969999,31.870001,22029500,28.098787
2006-11-07,32.650002,32.650002,31.35,31.700001,14948000,27.948904
2006-11-06,31.58,32.529999,31.440001,32.52,11849800,28.671872
2006-11-03,31.48,32.099998,31.42,31.780001,13924600,28.019437
2006-11-02,31.40,31.620001,30.90,31.200001,13153800,27.508069
2006-11-01,32.130001,32.299999,31.25,31.530001,16865100,27.79902
2006-10-31,31.66,32.450001,31.50,32.349998,15728600,28.521986
2006-10-30,31.51,31.99,31.41,31.790001,11177400,28.028254
2006-10-27,32.400002,32.779999,32.029999,32.150002,14381300,28.345655
2006-10-26,32.790001,32.889999,31.860001,32.400002,17333100,28.566073
2006-10-25,31.00,33.00,30.940001,32.639999,36474800,28.777671
2006-10-24,29.700001,31.17,29.49,30.84,26745200,27.190668
2006-10-23,28.99,30.059999,28.73,29.26,27788300,25.797631
2006-10-20,29.379999,29.379999,28.60,28.780001,16621600,25.374431
2006-10-19,28.950001,29.40,28.549999,29.379999,16410500,25.903431
2006-10-18,29.33,29.58,28.379999,28.629999,14358000,25.242179
2006-10-17,29.50,29.629999,28.85,29.33,13718000,25.859348
2006-10-16,28.90,29.52,28.799999,29.48,14571500,25.991598
2006-10-13,27.870001,29.120001,27.870001,28.709999,19473700,25.312712
2006-10-12,27.15,27.799999,27.049999,27.75,12244800,24.466311
2006-10-11,27.299999,27.51,26.889999,27.08,14753100,23.875593
2006-10-10,26.969999,27.559999,26.889999,27.41,15897800,24.166543
2006-10-09,27.85,27.950001,27.00,27.09,11168400,23.88441
2006-10-06,27.59,27.799999,27.15,27.68,10700400,24.404594
2006-10-05,27.35,27.74,27.120001,27.67,16269600,24.395778
2006-10-04,26.879999,26.950001,26.33,26.91,19739300,23.725709
2006-10-03,27.549999,27.60,26.48,26.57,29035700,23.425941
2006-10-02,28.299999,28.68,27.780001,27.860001,14916300,24.563295
2006-09-29,28.50,28.700001,28.139999,28.450001,20433400,25.08348
2006-09-28,29.059999,29.26,28.49,28.50,25552000,25.127563
2006-09-27,28.75,29.23,28.459999,28.879999,21292000,25.462596
2006-09-26,27.809999,28.860001,27.799999,28.42,18756600,25.057029
2006-09-25,27.799999,28.389999,27.35,27.969999,20628400,24.660278
2006-09-22,28.549999,28.559999,28.059999,28.209999,18584400,24.871878
2006-09-21,28.030001,28.58,27.959999,28.10,15353900,24.774895
2006-09-20,28.969999,29.139999,27.74,27.84,22663700,24.545661
2006-09-19,29.809999,29.99,28.85,29.10,11985400,25.656564
2006-09-18,29.200001,30.01,29.139999,29.799999,12031600,26.273732
2006-09-15,29.07,29.27,28.77,29.030001,12836500,25.594848
2006-09-14,29.809999,30.02,28.90,29.059999,10467100,25.621297
2006-09-13,29.309999,30.110001,29.209999,29.809999,13608900,26.282548
2006-09-12,29.59,30.00,28.940001,29.049999,21558400,25.61248
2006-09-11,30.25,30.40,29.52,29.65,18116700,26.141482
2006-09-08,31.700001,31.90,30.77,30.799999,8159900,27.1554
2006-09-07,31.719999,31.959999,31.17,31.469999,12275100,27.746119
2006-09-06,32.610001,32.700001,31.809999,31.959999,12564000,28.178136
2006-09-05,32.880001,33.029999,32.549999,32.900002,10421100,29.006907
2006-09-01,32.82,33.09,32.700001,32.93,6503000,29.033356
2006-08-31,33.00,33.299999,32.610001,32.619999,8625500,28.760037
2006-08-30,33.650002,33.66,32.779999,32.990002,9394800,29.086257
2006-08-29,33.220001,33.650002,32.720001,33.619999,9205300,29.575581
2006-08-28,33.75,33.869999,33.169998,33.220001,7962700,29.223703
2006-08-25,33.279999,34.080002,33.279999,33.950001,8191800,29.865885
2006-08-24,33.25,33.380001,32.849998,33.209999,11023600,29.214904
2006-08-23,34.009998,34.02,33.400002,33.41,5607500,29.390845
2006-08-22,34.200001,34.34,33.810001,34.009998,6619000,29.918665
2006-08-21,34.330002,34.529999,34.029999,34.099998,7330300,29.997838
2006-08-18,33.900002,34.150002,33.25,34.07,9942900,29.971448
2006-08-17,33.450001,33.580002,33.02,33.57,11231000,29.531597
2006-08-16,33.810001,34.169998,33.43,33.84,9711000,29.769117
2006-08-15,33.830002,33.919998,33.049999,33.57,10327600,29.531597
2006-08-14,33.32,33.540001,32.91,33.48,12969000,29.452424
2006-08-11,34.02,34.290001,33.630001,33.869999,9025100,29.795507
2006-08-10,33.650002,34.049999,33.419998,34.02,11346400,29.927464
2006-08-09,33.50,34.560001,33.400002,33.939999,18053100,29.857086
2006-08-08,33.41,33.66,32.799999,33.060001,14911800,29.08295
2006-08-07,33.349998,33.810001,32.900002,33.400002,8703600,29.382049
2006-08-04,34.099998,34.099998,32.57,32.869999,12913000,28.915805
2006-08-03,33.150002,34.189999,32.919998,33.709999,13377300,29.654755
2006-08-02,34.099998,34.709999,33.200001,33.720001,18937400,29.663554
2006-08-01,33.400002,33.77,32.810001,33.73,12676400,29.672349
2006-07-31,32.950001,33.639999,32.619999,33.360001,12834000,29.34686
2006-07-28,32.50,32.889999,32.110001,32.610001,12628900,28.687084
2006-07-27,32.50,32.889999,31.950001,32.349998,24371700,28.458359
2006-07-26,31.85,32.200001,31.049999,32.00,25217000,28.150465
2006-07-25,32.00,32.049999,30.83,31.450001,18393900,27.66663
2006-07-24,29.90,31.26,29.50,31.10,25505700,27.358734
2006-07-21,31.90,32.189999,29.51,30.040001,50047100,26.42625
2006-07-20,34.470001,34.669998,32.540001,32.68,15724100,28.748663
2006-07-19,33.830002,34.540001,33.799999,34.150002,15373200,30.041826
2006-07-18,35.560001,35.73,33.32,34.049999,19573200,29.953854
2006-07-17,36.50,36.810001,34.939999,35.25,16060100,31.009497
2006-07-14,74.32,74.699997,71.839996,73.900002,13862800,32.504991
2006-07-13,75.150002,75.410004,73.440002,73.730003,12438000,32.430217
2006-07-12,74.610001,75.629997,74.32,74.879997,18365400,32.936043
2006-07-11,73.089996,75.860001,73.089996,75.580002,14981400,33.243941
2006-07-10,73.07,73.940002,72.209999,72.650002,9654200,31.955177
2006-07-07,74.550003,74.940002,72.470001,72.610001,11073800,31.937583
2006-07-06,75.18,75.739998,73.769997,74.269997,9949400,32.667733
2006-07-05,74.599998,75.580002,73.080002,75.18,13201400,33.068
2006-07-03,74.980003,75.260002,74.480003,75.059998,3294600,33.015216
2006-06-30,73.970001,74.900002,73.32,74.209999,14801600,32.641343
2006-06-29,71.279999,73.910004,70.900002,73.720001,16362200,32.425817
2006-06-28,70.449997,71.300003,69.50,70.589996,11918200,31.049082
2006-06-27,72.209999,72.949997,69.720001,69.900002,17202000,30.745587
2006-06-26,71.699997,72.150002,70.82,72.050003,11348400,31.691267
2006-06-23,71.980003,72.879997,71.519997,71.769997,14916600,31.568106
2006-06-22,72.050003,72.699997,71.019997,71.480003,17851000,31.440552
2006-06-21,70.669998,73.239998,70.410004,72.089996,17616600,31.708858
2006-06-20,72.050003,72.639999,70.199997,70.389999,14501000,30.961113
2006-06-19,74.43,74.43,70.839996,71.080002,16862600,31.264611
2006-06-16,73.709999,74.989998,72.760002,74.43,16340400,32.738111
2006-06-15,71.760002,74.660004,71.50,74.339996,22645600,32.698523
2006-06-14,69.419998,70.839996,68.519997,70.809998,19250400,31.145849
2006-06-13,68.510002,71.129997,67.879997,68.269997,24423200,30.028627
2006-06-12,73.150002,73.599998,70.339996,70.410004,15787000,30.969912
2006-06-09,72.610001,73.989998,71.50,72.610001,23800000,31.937583
2006-06-08,69.93,72.089996,67.849998,72.089996,34713000,31.708858
2006-06-07,73.239998,73.860001,70.330002,70.349998,21362800,30.943518
2006-06-06,74.25,74.709999,72.339996,73.379997,23050600,32.276266
2006-06-05,77.550003,77.639999,74.059998,74.25,16077600,32.658938
2006-06-02,76.07,76.889999,75.699997,76.779999,14269000,33.77176
2006-06-01,73.75,75.389999,73.160004,75.150002,15601400,33.054805
2006-05-31,71.889999,74.650002,71.550003,74.589996,16038600,32.808486
2006-05-30,74.599998,74.75,71.919998,71.919998,12137400,31.634084
2006-05-26,73.949997,74.300003,73.150002,73.650002,10379600,32.32905
2006-05-25,71.25,73.800003,70.489998,73.800003,19178400,32.394894
2006-05-24,71.00,71.75,68.650002,70.029999,19150000,30.740031
2006-05-23,71.080002,73.300003,70.889999,71.080002,19084000,31.200936
2006-05-22,70.290001,71.010002,68.589996,70.349998,18348400,30.880497
2006-05-19,71.080002,71.809998,68.300003,71.00,25901400,31.165818
2006-05-18,74.00,74.699997,70.959999,71.080002,20178600,31.200936
2006-05-17,74.410004,75.559998,72.870003,73.760002,15806000,32.377336
2006-05-16,75.739998,76.660004,74.470001,75.010002,12323800,32.92603
2006-05-15,76.00,76.110001,73.910004,75.25,18062400,33.031378
2006-05-12,79.900002,79.910004,76.900002,77.07,15883000,33.830276
2006-05-11,82.839996,83.150002,79.93,80.059998,13051800,35.142751
2006-05-10,81.129997,82.25,81.099998,82.230003,11759800,36.095287
2006-05-09,80.059998,81.949997,79.610001,81.769997,14581200,35.893364
2006-05-08,79.25,80.129997,78.389999,80.010002,11819600,35.120806
2006-05-05,80.199997,80.809998,79.080002,79.639999,12595400,34.958391
2006-05-04,78.00,80.080002,77.139999,79.879997,20019600,35.063739
2006-05-03,80.900002,80.93,78.50,79.07,16083200,34.708187
2006-05-02,80.150002,81.080002,79.599998,80.93,16068800,35.524643
2006-05-01,78.779999,80.309998,78.599998,79.599998,12309000,34.940832
2006-04-28,77.349998,79.379997,77.349998,78.150002,12987600,34.304349
2006-04-27,77.519997,78.589996,75.510002,76.980003,18128600,33.790772
2006-04-26,79.019997,80.879997,78.260002,78.400002,17034200,34.414087
2006-04-25,81.25,81.309998,77.830002,78.82,20477000,34.598448
2006-04-24,83.330002,83.330002,80.300003,80.300003,21057400,35.248103
2006-04-21,82.400002,83.349998,81.330002,83.330002,21774000,36.578137
2006-04-20,83.50,83.970001,81.510002,82.800003,24404200,36.345491
2006-04-19,81.00,82.970001,80.150002,82.489998,14009800,36.209413
2006-04-18,79.389999,81.239998,79.160004,81.00,16555200,35.55537
2006-04-17,78.480003,79.099998,77.75,78.959999,9128400,34.659901
2006-04-13,75.779999,77.150002,75.18,77.120003,9869000,33.852225
2006-04-12,77.209999,77.790001,75.849998,76.690002,7456600,33.663474
2006-04-11,79.599998,79.989998,76.32,76.800003,13908600,33.71176
2006-04-10,78.879997,79.419998,78.260002,79.129997,9928200,34.734523
2006-04-07,78.519997,78.699997,76.879997,77.269997,10872600,33.918066
2006-04-06,78.00,78.910004,77.050003,78.519997,16730800,34.46676
2006-04-05,75.980003,77.360001,75.129997,77.339996,13783800,33.948793
2006-04-04,72.870003,75.199997,72.400002,75.199997,12150600,33.009429
2006-04-03,73.779999,75.080002,72.709999,72.870003,12074400,31.986666
2006-03-31,73.580002,73.800003,72.400002,73.019997,9321200,32.052506
2006-03-30,74.470001,74.989998,73.50,74.300003,10633000,32.614372
2006-03-29,73.150002,74.260002,72.650002,74.260002,12087000,32.596813
2006-03-28,72.25,73.93,71.839996,73.18,13480800,32.122741
2006-03-27,71.019997,72.080002,70.269997,71.589996,8700800,31.4248
2006-03-24,70.400002,71.779999,70.400002,71.25,9499000,31.275557
2006-03-23,69.550003,70.839996,69.110001,70.449997,11354600,30.924392
2006-03-22,68.769997,70.169998,68.400002,69.00,10684200,30.287908
2006-03-21,68.400002,69.870003,67.620003,68.510002,12427400,30.072821
2006-03-20,70.300003,71.349998,68.489998,68.489998,11977400,30.06404
2006-03-17,71.379997,71.389999,69.800003,70.389999,10941000,30.898055
2006-03-16,69.32,71.169998,68.900002,70.900002,13712600,31.121923
2006-03-15,69.099998,69.68,68.309998,69.389999,10858000,30.4591
2006-03-14,68.760002,69.790001,67.43,69.559998,12023000,30.533722
2006-03-13,67.599998,68.699997,66.199997,68.639999,12899600,30.129884
2006-03-10,66.059998,67.980003,65.150002,67.00,14716400,29.409998
2006-03-09,67.599998,68.260002,65.919998,66.050003,16210200,28.992991
2006-03-08,65.730003,67.199997,64.940002,66.93,17894200,29.379271
2006-03-07,68.120003,68.400002,65.50,66.400002,15421200,29.146625
2006-03-06,70.900002,70.959999,68.449997,68.540001,12365800,30.085989
2006-03-03,71.099998,72.239998,70.690002,71.160004,9710000,31.236053
2006-03-02,69.75,72.669998,69.650002,71.690002,19434600,31.468698
2006-03-01,68.360001,69.459999,68.150002,69.370003,11024400,30.450323
2006-02-28,69.00,69.449997,67.550003,68.00,14750200,29.848953
2006-02-27,71.220001,71.220001,68.809998,69.00,12968000,30.222065
2006-02-24,71.830002,72.099998,71.07,71.220001,9780600,31.194428
2006-02-23,70.220001,71.07,69.25,70.639999,18150400,30.940387
2006-02-22,71.50,71.900002,70.360001,70.769997,13618000,30.997326
2006-02-21,71.400002,72.410004,70.599998,72.169998,18791200,31.610528
2006-02-17,72.00,72.860001,69.879997,70.099998,21236000,30.703866
2006-02-16,69.360001,71.599998,69.290001,71.239998,26372000,31.203187
2006-02-15,70.949997,71.199997,67.699997,68.610001,22817600,30.051245
2006-02-14,70.699997,71.809998,70.18,70.610001,21202600,30.927247
2006-02-13,73.300003,73.970001,71.629997,72.349998,14074400,31.689368
2006-02-10,72.769997,73.489998,70.699997,73.300003,21746000,32.105471
2006-02-09,75.660004,75.660004,72.25,72.470001,19477400,31.741929
2006-02-08,73.93,74.949997,71.050003,74.550003,22506600,32.652972
2006-02-07,76.50,76.510002,72.790001,72.980003,20496600,31.965311
2006-02-06,78.800003,79.449997,76.669998,77.449997,16515200,33.923172
2006-02-03,78.00,78.82,76.349998,77.400002,17068000,33.901274
2006-02-02,78.400002,79.50,76.169998,77.720001,20781000,34.041434
2006-02-01,80.300003,81.690002,78.400002,78.949997,21666800,34.580173
2006-01-31,80.690002,80.699997,79.019997,79.620003,17974600,34.873637
2006-01-30,80.629997,82.389999,80.580002,80.860001,21932800,35.416757
2006-01-27,77.949997,81.00,76.900002,78.93,37531400,34.571415
2006-01-26,74.25,75.239998,72.00,75.150002,22932200,32.915772
2006-01-25,76.199997,76.25,72.849998,74.239998,19951400,32.517189
2006-01-24,77.00,77.010002,75.220001,75.949997,20629800,33.266171
2006-01-23,75.50,77.349998,74.449997,77.010002,21242200,33.730454
2006-01-20,73.50,75.910004,73.00,75.50,33182600,33.069072
2006-01-19,70.68,72.029999,69.849998,71.75,16959800,31.426568
2006-01-18,70.00,70.610001,68.529999,69.400002,11332200,30.397266
2006-01-17,70.480003,70.669998,69.790001,70.00,10676400,30.660066
2006-01-13,68.519997,70.059998,68.459999,69.550003,11593800,30.462967
2006-01-12,70.339996,71.449997,68.739998,68.970001,18220800,30.208926
2006-01-11,68.019997,71.010002,67.790001,70.089996,19211000,30.699485
2006-01-10,66.160004,68.690002,66.150002,68.599998,13366000,30.046864
2006-01-09,66.059998,66.82,65.209999,66.639999,10584200,29.188383
2006-01-06,65.470001,66.400002,65.040001,66.050003,11441200,28.929964
2006-01-05,65.800003,66.139999,63.990002,64.589996,13186200,28.29048
2006-01-04,64.949997,66.629997,64.25,66.120003,12937200,28.960624
2006-01-03,63.169998,65.360001,62.700001,65.339996,12829000,28.61898
2005-12-30,60.860001,62.619999,60.619999,61.959999,7826200,27.138538
2005-12-29,61.799999,62.720001,61.349998,61.439999,7277400,26.910778
2005-12-28,61.810001,62.849998,61.299999,62.439999,9943800,27.348779
2005-12-27,63.00,63.060001,61.09,61.560001,10134800,26.963339
2005-12-23,64.18,64.190002,62.630001,63.849998,5988200,27.96636
2005-12-22,64.510002,64.93,64.050003,64.169998,7761600,28.10652
2005-12-21,63.599998,64.68,63.549999,64.32,7463400,28.172221
2005-12-20,62.970001,64.470001,62.169998,63.490002,9576800,27.808681
2005-12-19,63.970001,64.199997,62.299999,62.610001,10873200,27.42324
2005-12-16,66.220001,66.230003,63.639999,63.720001,15115800,27.909421
2005-12-15,66.269997,66.760002,65.349998,65.900002,10447600,28.864263
2005-12-14,66.00,66.709999,65.32,66.540001,13865600,29.144583
2005-12-13,67.059998,68.220001,65.900002,65.940002,12629600,28.881784
2005-12-12,66.669998,67.169998,65.849998,66.959999,7442600,29.328543
2005-12-09,66.220001,66.50,65.43,66.120003,8827200,28.960624
2005-12-08,64.720001,66.720001,64.510002,66.709999,12013200,29.219043
2005-12-07,65.25,65.949997,64.169998,64.779999,11055000,28.373701
2005-12-06,64.650002,65.849998,64.400002,64.879997,11197800,28.4175
2005-12-05,66.50,66.669998,64.949997,65.199997,12538000,28.55766
2005-12-02,65.099998,65.900002,64.610001,65.830002,9576600,28.833603
2005-12-01,64.25,65.300003,63.810001,65.300003,9029800,28.601463
2005-11-30,62.349998,64.389999,62.150002,63.650002,11979000,27.878761
2005-11-29,63.580002,63.950001,62.200001,62.41,12992600,27.335639
2005-11-28,64.150002,64.239998,63.00,63.07,16005000,27.569968
2005-11-25,65.00,65.980003,64.760002,65.019997,3493800,28.422375
2005-11-23,64.860001,66.00,64.07,65.550003,13004600,28.654059
2005-11-22,63.57,65.529999,63.57,65.300003,19196800,28.544775
2005-11-21,61.93,62.98,61.549999,62.82,12328200,27.460685
2005-11-18,60.77,61.380001,60.029999,61.369999,13165200,26.826842
2005-11-17,59.880001,60.799999,59.619999,60.709999,19202600,26.538334
2005-11-16,57.279999,59.490002,56.84,59.490002,16021200,26.005033
2005-11-15,58.23,59.150002,56.900002,57.279999,17416000,25.038968
2005-11-14,56.720001,57.48,56.360001,57.259998,11481800,25.030225
2005-11-11,55.75,56.630001,55.490002,56.060001,11845000,24.505667
2005-11-10,58.150002,58.16,55.889999,56.00,18534000,24.479439
2005-11-09,59.150002,60.189999,58.220001,58.400002,15749600,25.528558
2005-11-08,59.50,59.580002,58.02,59.009998,17851000,25.795208
2005-11-07,61.119999,61.189999,59.150002,59.150002,18913800,25.856408
2005-11-04,64.68,64.68,60.889999,61.110001,21909600,26.713188
2005-11-03,63.75,65.650002,63.490002,64.68,19955000,28.273752
2005-11-02,59.779999,63.299999,59.75,62.950001,17419000,27.517512
2005-11-01,58.799999,60.23,58.529999,60.040001,13233600,26.245456
2005-10-31,57.630001,59.610001,57.52,59.099998,15855600,25.83455
2005-10-28,55.50,57.68,55.02,57.630001,18548400,25.191966
2005-10-27,58.790001,58.790001,54.700001,55.099998,25909000,24.086019
2005-10-26,59.00,61.23,57.810001,58.150002,19722000,25.419275
2005-10-25,59.599998,60.75,57.639999,59.400002,38200600,25.965691
2005-10-24,57.650002,61.150002,57.34,61.09,15557800,26.704445
2005-10-21,56.779999,58.91,56.75,58.049999,14847800,25.375561
2005-10-20,59.299999,59.889999,56.549999,57.619999,17317400,25.187594
2005-10-19,58.060001,59.790001,56.50,59.490002,21305800,26.005033
2005-10-18,60.00,61.310001,58.459999,58.50,11761600,25.572271
2005-10-17,61.900002,62.389999,61.150002,61.299999,10662800,26.796242
2005-10-14,59.049999,61.450001,58.200001,61.27,15895400,26.783129
2005-10-13,60.650002,60.889999,57.720001,59.48,20775000,26.000661
2005-10-12,61.720001,62.32,60.450001,61.150002,9998600,26.730674
2005-10-11,61.549999,62.580002,61.549999,61.779999,8365200,27.006066
2005-10-10,62.450001,62.509998,60.290001,60.93,12459800,26.634504
2005-10-07,61.799999,62.799999,60.84,62.709999,14448000,27.4126
2005-10-06,61.650002,62.52,59.900002,60.77,31493600,26.564563
2005-10-05,65.93,66.129997,62.240002,62.240002,24576000,27.207148
2005-10-04,69.269997,69.269997,65.849998,65.93,10650200,28.820168
2005-10-03,68.879997,69.370003,68.300003,68.919998,7816800,30.127194
2005-09-30,69.379997,69.68,68.419998,68.519997,10636600,29.95234
2005-09-29,69.360001,69.779999,68.650002,69.400002,15025000,30.337019
2005-09-28,68.419998,69.50,67.900002,69.360001,12977600,30.319534
2005-09-27,66.75,68.330002,66.260002,68.110001,13313000,29.773118
2005-09-26,65.010002,67.190002,64.709999,67.190002,13307800,29.370956
2005-09-23,65.309998,65.599998,64.32,65.010002,11775400,28.418007
2005-09-22,67.199997,67.199997,64.190002,65.199997,12411800,28.50106
2005-09-21,67.059998,67.099998,65.410004,66.25,14948200,28.96005
2005-09-20,66.339996,66.93,65.68,65.93,10049800,28.820168
2005-09-19,65.839996,67.440002,65.790001,66.730003,14745800,29.169876
2005-09-16,64.510002,65.190002,63.970001,65.00,13861600,28.413634
2005-09-15,63.799999,64.400002,63.259998,64.32,10077200,28.116384
2005-09-14,63.040001,64.459999,62.889999,63.349998,12500400,27.692364
2005-09-13,63.75,64.50,62.59,62.700001,14254800,27.408229
2005-09-12,65.620003,65.68,63.549999,63.599998,14924400,27.801648
2005-09-09,64.980003,66.120003,64.739998,66.099998,11664200,28.89448
2005-09-08,64.510002,65.080002,64.099998,64.470001,10392200,28.181954
2005-09-07,64.82,65.190002,63.779999,64.199997,12633200,28.063927
2005-09-06,62.810001,64.889999,62.50,64.82,17152800,28.33495
2005-09-02,62.98,63.150002,62.130001,62.310001,10481600,27.237748
2005-09-01,62.470001,63.439999,62.049999,63.16,18635600,27.60931
2005-08-31,60.00,62.00,59.950001,62.00,22211200,27.102236
2005-08-30,58.18,59.93,58.18,59.84,15176800,26.103388
2005-08-29,57.400002,59.720001,57.400002,57.799999,13563800,25.2135
2005-08-26,57.73,58.189999,57.25,57.259998,7818800,24.977941
2005-08-25,58.57,58.57,57.50,57.669998,8089400,25.156791
2005-08-24,57.240002,58.860001,57.009998,58.560001,16957200,25.545028
2005-08-23,57.25,57.299999,56.240002,56.990002,9266200,24.860163
2005-08-22,57.080002,57.290001,56.09,56.970001,9613400,24.851438
2005-08-19,56.189999,56.580002,55.860001,56.470001,6949600,24.633328
2005-08-18,55.560001,56.209999,54.939999,55.439999,10891200,24.184021
2005-08-17,57.060001,57.880001,55.560001,55.799999,13127800,24.34106
2005-08-16,58.25,58.869999,56.900002,57.060001,8600400,24.890698
2005-08-15,58.84,58.990002,58.09,58.25,7202400,25.409799
2005-08-12,59.950001,60.189999,58.82,58.82,9767800,25.658444
2005-08-11,59.189999,59.91,58.950001,59.82,10695200,26.094664
2005-08-10,58.66,59.630001,58.25,59.07,10567400,25.767499
2005-08-09,58.709999,58.740002,57.900002,58.349998,8623800,25.45342
2005-08-08,59.25,59.650002,58.509998,58.610001,12760800,25.566838
2005-08-05,59.779999,59.779999,57.98,58.419998,11724200,25.483955
2005-08-04,58.740002,59.990002,58.610001,59.189999,10938800,25.819845
2005-08-03,59.00,59.389999,58.560001,58.740002,15680200,25.623547
2005-08-02,57.049999,58.650002,57.00,58.639999,14243600,25.579924
2005-08-01,56.450001,57.060001,56.189999,56.73,8156800,24.746745
2005-07-29,56.259998,56.50,55.759998,56.049999,11337000,24.450115
2005-07-28,56.599998,56.799999,55.75,56.259998,10527200,24.541721
2005-07-27,56.02,56.599998,55.59,56.349998,13137200,24.580981
2005-07-26,55.66,56.009998,55.040001,55.779999,21086800,24.332336
2005-07-25,53.700001,55.889999,53.650002,54.860001,33595600,23.931014
2005-07-22,50.950001,53.849998,50.50,53.290001,40543000,23.246149
2005-07-21,49.049999,49.50,48.169998,48.700001,8776000,21.243901
2005-07-20,49.150002,49.290001,48.450001,48.869999,10422000,21.318057
2005-07-19,47.34,49.240002,46.849998,49.240002,12075000,21.47946
2005-07-18,46.41,46.98,45.759998,46.419998,9143400,20.249319
2005-07-15,47.389999,47.52,46.57,46.68,10533000,20.362737
2005-07-14,48.450001,48.75,46.490002,47.07,13112600,20.532862
2005-07-13,49.25,49.290001,48.349998,48.43,7964200,21.126121
2005-07-12,49.00,49.50,48.34,49.02,7458800,21.383491
2005-07-11,48.369999,48.990002,47.599998,48.82,7602800,21.296247
2005-07-08,49.209999,49.43,48.240002,48.360001,6934000,21.095586
2005-07-07,48.599998,49.009998,48.00,49.00,9630400,21.374766
2005-07-06,49.959999,50.00,48.599998,48.709999,9219200,21.248262
2005-07-05,48.23,49.740002,48.18,49.639999,8460200,21.653947
2005-07-01,48.25,48.32,47.779999,48.099998,5251000,20.982168
2005-06-30,47.599998,48.799999,47.490002,47.82,12430400,20.860027
2005-06-29,47.959999,48.650002,47.610001,47.93,8312200,20.908011
2005-06-28,48.830002,48.830002,47.75,47.880001,9326000,20.886201
2005-06-27,48.669998,49.389999,48.50,49.00,11225400,21.374766
2005-06-24,48.48,48.790001,48.119999,48.119999,14396800,20.990893
2005-06-23,47.75,48.73,47.509998,48.169998,15603400,21.012703
2005-06-22,46.439999,47.529999,46.400002,47.400002,12971600,20.676815
2005-06-21,46.310001,46.310001,45.59,46.16,9675600,20.135902
2005-06-20,46.43,46.860001,45.900002,46.310001,5976000,20.201336
2005-06-17,46.25,46.50,45.740002,46.389999,11080800,20.236233
2005-06-16,45.43,45.919998,45.349998,45.91,6018800,20.026847
2005-06-15,45.450001,45.599998,44.93,45.299999,5730000,19.760753
2005-06-14,44.849998,45.580002,44.849998,45.200001,8479000,19.717132
2005-06-13,44.400002,45.09,44.150002,44.82,4848200,19.551368
2005-06-10,44.610001,45.220001,44.32,44.799999,7590600,19.542643
2005-06-09,43.189999,44.73,43.150002,44.610001,9256600,19.459762
2005-06-08,43.220001,44.299999,42.82,43.189999,8650000,18.840329
2005-06-07,43.860001,44.349998,43.189999,43.220001,7501200,18.853417
2005-06-06,43.650002,43.91,43.02,43.860001,7848200,19.132597
2005-06-03,43.139999,43.880001,43.139999,43.41,5706000,18.936298
2005-06-02,43.279999,43.59,42.00,43.040001,5437200,18.774897
2005-06-01,42.919998,43.84,42.900002,43.27,6270600,18.875228
2005-05-31,43.139999,43.139999,42.299999,42.740002,5528800,18.644032
2005-05-27,42.860001,43.299999,42.740002,43.200001,4692600,18.790165
2005-05-26,43.209999,43.220001,42.360001,42.66,4992600,18.555287
2005-05-25,42.310001,43.02,41.799999,42.700001,6797800,18.572686
2005-05-24,42.029999,42.43,41.900002,42.299999,5461800,18.398702
2005-05-23,41.84,42.34,41.799999,41.970001,9702200,18.255167
2005-05-20,41.509998,42.00,41.419998,41.73,8021600,18.150776
2005-05-19,40.799999,41.860001,40.669998,41.299999,8674200,17.963745
2005-05-18,41.740002,42.32,40.549999,40.779999,13329000,17.737566
2005-05-17,40.700001,41.52,40.689999,41.509998,9388200,18.055085
2005-05-16,40.900002,41.09,39.650002,40.700001,14490000,17.702771
2005-05-13,41.040001,41.400002,40.110001,40.900002,16612400,17.789763
2005-05-12,42.610001,43.169998,40.639999,40.66,16820200,17.685372
2005-05-11,42.169998,42.689999,41.970001,42.610001,6381600,18.53354
2005-05-10,43.150002,43.32,42.02,42.169998,7241600,18.342157
2005-05-09,42.529999,43.279999,42.439999,43.150002,6058400,18.768417
2005-05-06,42.880001,43.50,42.400002,42.490002,6007000,18.481345
2005-05-05,42.330002,43.169998,42.25,42.57,8031200,18.516141
2005-05-04,42.029999,42.919998,41.75,42.200001,9403800,18.355207
2005-05-03,42.740002,42.740002,41.900002,41.93,11493000,18.237768
2005-05-02,41.59,42.869999,41.450001,42.779999,7820200,18.607482
2005-04-29,42.00,42.400002,40.939999,41.59,9524000,18.089883
2005-04-28,42.650002,42.650002,41.32,41.549999,14522200,18.072484
2005-04-27,44.25,44.25,42.599998,42.759998,14007400,18.598782
2005-04-26,44.419998,44.740002,44.02,44.18,15236400,19.216423
2005-04-25,44.32,44.799999,43.990002,44.200001,13732800,19.225122
2005-04-22,43.810001,44.450001,43.110001,43.84,14145800,19.068537
2005-04-21,42.040001,43.330002,41.810001,43.330002,8252600,18.846709
2005-04-20,42.779999,43.66,41.700001,41.799999,11102400,18.181223
2005-04-19,41.889999,42.990002,41.799999,42.84,12110200,18.63358
2005-04-18,40.52,41.509998,40.50,41.18,11680600,17.91155
2005-04-15,42.50,42.84,40.25,40.599998,17978400,17.659274
2005-04-14,43.009998,43.450001,42.330002,42.349998,15086600,18.42045
2005-04-13,43.799999,44.200001,42.630001,42.759998,15370200,18.598782
2005-04-12,44.599998,44.68,43.25,43.939999,10322400,19.112032
2005-04-11,44.25,44.959999,43.75,44.59,9322800,19.394755
2005-04-08,45.18,45.360001,44.32,44.330002,8811400,19.281667
2005-04-07,45.919998,46.259998,44.799999,45.110001,16052800,19.620933
2005-04-06,44.700001,45.599998,44.459999,45.549999,14779200,19.812314
2005-04-05,44.889999,45.200001,44.029999,44.450001,12179000,19.333861
2005-04-04,44.970001,45.23,44.360001,44.900002,19457200,19.529593
2005-04-01,44.00,44.650002,43.73,44.650002,13668800,19.420853
2005-03-31,42.849998,43.349998,42.740002,43.25,15898400,18.811912
2005-03-30,42.00,42.200001,40.650002,42.139999,12226200,18.329109
2005-03-29,42.52,42.799999,41.450001,41.48,8878600,18.042037
2005-03-28,42.209999,42.790001,42.139999,42.52,6707000,18.494393
2005-03-24,42.349998,42.849998,42.060001,42.060001,9652600,18.294313
2005-03-23,43.299999,43.299999,41.669998,41.880001,17170600,18.216021
2005-03-22,43.900002,44.41,43.389999,43.459999,13378400,18.903253
2005-03-21,44.00,44.00,43.02,43.540001,14493200,18.93805
2005-03-18,42.799999,43.919998,42.700001,43.919998,35594600,19.103333
2005-03-17,42.700001,43.389999,42.299999,42.619999,19935400,18.537888
2005-03-16,41.549999,42.200001,41.00,41.900002,12370400,18.22472
2005-03-15,42.200001,43.040001,41.540001,41.540001,14628800,18.068135
2005-03-14,40.450001,42.299999,40.00,42.00,16115000,18.268215
2005-03-11,40.25,41.330002,40.110001,40.380001,16989400,17.563584
2005-03-10,42.00,42.009998,40.860001,41.009998,16841800,17.837607
2005-03-09,43.669998,43.799999,42.119999,42.130001,11037000,18.32476
2005-03-08,43.779999,44.080002,43.299999,43.419998,8112000,18.885854
2005-03-07,44.799999,44.799999,43.669998,43.77,10768400,19.03809
2005-03-04,44.450001,45.00,44.00,44.799999,9150200,19.486096
2005-03-03,44.029999,44.470001,43.779999,44.080002,9607200,19.172928
2005-03-02,42.849998,44.099998,42.509998,43.740002,9062400,19.025042
2005-03-01,43.75,43.98,42.759998,42.849998,10382800,18.637928
2005-02-28,44.75,45.290001,43.669998,43.970001,11257800,19.070713
2005-02-25,42.900002,44.759998,42.900002,44.75,10604600,19.409015
2005-02-24,43.150002,43.549999,42.529999,43.540001,9370400,18.884213
2005-02-23,41.950001,43.139999,41.939999,43.099998,8150200,18.693375
2005-02-22,42.50,43.240002,42.099998,42.130001,10560600,18.272666
2005-02-18,42.029999,42.68,41.860001,42.490002,7921800,18.428806
2005-02-17,42.43,42.779999,41.75,41.790001,8989600,18.125201
2005-02-16,41.610001,42.599998,41.439999,42.459999,9630000,18.415794
2005-02-15,41.400002,41.77,41.080002,41.360001,7689600,17.938701
2005-02-14,41.779999,42.00,41.310001,41.419998,7112400,17.964723
2005-02-11,42.049999,42.240002,41.700001,41.900002,8995400,18.172911
2005-02-10,41.200001,42.029999,41.049999,42.00,9719000,18.216282
2005-02-09,40.82,41.299999,40.349998,40.669998,8081200,17.639433
2005-02-08,40.990002,41.400002,40.630001,40.959999,6616600,17.765212
2005-02-07,41.75,42.049999,40.52,40.990002,6657000,17.778225
2005-02-04,41.75,42.119999,41.509998,41.970001,9162600,18.203271
2005-02-03,41.549999,41.799999,41.040001,41.779999,10811400,18.120863
2005-02-02,41.299999,41.549999,40.799999,41.549999,10735600,18.021107
2005-02-01,41.139999,41.400002,40.549999,40.939999,10650600,17.756537
2005-01-31,40.00,41.23,39.50,41.130001,28627800,17.838945
2005-01-28,42.07,42.400002,40.419998,40.84,29944800,17.713166
2005-01-27,42.740002,43.580002,42.66,43.509998,10535800,18.8712
2005-01-26,42.830002,42.93,42.330002,42.740002,28287000,18.537237
2005-01-25,42.73,42.959999,42.049999,42.599998,13925200,18.476514
2005-01-24,42.200001,43.25,42.00,42.00,11955800,18.216282
2005-01-21,41.98,42.43,41.790001,41.799999,11997000,18.129538
2005-01-20,42.200001,42.400002,41.50,41.790001,11159800,18.125201
2005-01-19,41.77,42.490002,41.700001,42.200001,11362400,18.303027
2005-01-18,41.75,42.029999,41.610001,41.82,14418600,18.138212
2005-01-14,40.900002,41.360001,40.25,41.299999,14495000,17.912677
2005-01-13,39.669998,40.919998,39.630001,40.599998,21535800,17.609072
2005-01-12,38.200001,39.549999,38.09,39.52,11863400,17.140654
2005-01-11,37.810001,38.23,37.580002,38.189999,6976400,16.563805
2005-01-10,38.18,38.400002,37.709999,37.84,8750600,16.412003
2005-01-07,38.25,38.25,37.279999,37.98,7503600,16.472724
2005-01-06,37.580002,38.43,37.18,38.25,10787600,16.589828
2005-01-05,38.060001,38.439999,37.200001,37.580002,11291200,16.299236
2005-01-04,38.450001,38.799999,38.040001,38.060001,8532800,16.507422
2005-01-03,38.75,38.860001,37.939999,38.02,9752000,16.490073
2004-12-31,39.419998,39.560001,39.220001,39.240002,3187400,17.019213
2004-12-30,39.57,39.610001,39.16,39.27,3472200,17.032224
2004-12-29,39.299999,39.849998,39.09,39.669998,4467800,17.205712
2004-12-28,39.110001,39.34,39.009998,39.290001,4023600,17.040899
2004-12-27,39.799999,39.84,38.860001,38.860001,4588600,16.854399
2004-12-23,39.669998,39.880001,39.41,39.799999,4340000,17.262096
2004-12-22,39.860001,40.25,39.130001,39.599998,7604000,17.175351
2004-12-21,39.400002,40.049999,39.360001,39.98,6707200,17.340166
2004-12-20,39.240002,39.599998,39.09,39.27,6069800,17.032224
2004-12-17,39.509998,39.860001,39.119999,39.240002,8210600,17.019213
2004-12-16,39.93,40.169998,39.419998,39.48,7880800,17.123305
2004-12-15,39.669998,40.18,39.200001,40.18,7893000,17.42691
2004-12-14,39.27,39.900002,39.110001,39.57,8324000,17.16234
2004-12-13,38.580002,39.23,38.57,38.84,7169200,16.845724
2004-12-10,39.990002,39.990002,38.41,38.470001,7762600,16.685248
2004-12-09,38.50,39.560001,38.50,39.380001,6492200,17.079934
2004-12-08,38.450001,38.959999,37.66,38.349998,6146800,16.6332
2004-12-07,39.189999,39.41,38.389999,38.450001,8282800,16.676573
2004-12-06,39.25,39.48,38.669998,39.119999,10144200,16.967165
2004-12-03,38.00,39.23,37.880001,38.740002,14813800,16.802352
2004-12-02,39.849998,39.849998,38.380001,38.610001,13886000,16.745968
2004-12-01,40.41,41.200001,39.630001,39.849998,14013400,17.283781
2004-11-30,41.200001,41.689999,41.029999,41.349998,8767000,17.934363
2004-11-29,41.080002,41.279999,40.529999,40.959999,8569200,17.765212
2004-11-26,40.75,41.09,40.599998,40.84,1934200,17.65895
2004-11-24,40.599998,40.830002,39.84,40.790001,8150200,17.637331
2004-11-23,39.990002,41.049999,39.830002,40.470001,9476800,17.498965
2004-11-22,39.93,40.25,39.41,39.98,8201000,17.287092
2004-11-19,39.310001,40.310001,39.080002,39.830002,13726800,17.222234
2004-11-18,38.099998,38.950001,38.049999,38.93,12657000,16.833079
2004-11-17,37.41,37.98,37.330002,37.849998,8438800,16.366093
2004-11-16,37.169998,37.599998,37.080002,37.41,7423600,16.17584
2004-11-15,38.00,38.00,36.509998,37.009998,8811400,16.002882
2004-11-12,37.25,38.169998,37.110001,38.00,7282800,16.430953
2004-11-11,37.400002,37.580002,37.200001,37.279999,8316400,16.119629
2004-11-10,36.400002,37.349998,36.189999,37.310001,13751000,16.132602
2004-11-09,36.419998,36.98,36.169998,36.389999,7345400,15.734799
2004-11-08,36.93,36.93,36.130001,36.41,7997800,15.743447
2004-11-05,37.349998,37.50,36.84,36.93,9566400,15.968292
2004-11-04,37.200001,37.50,36.849998,36.900002,10912600,15.95532
2004-11-03,37.200001,38.150002,36.259998,37.080002,14869000,16.033151
2004-11-02,36.639999,36.77,35.450001,35.540001,10942000,15.367265
2004-11-01,37.130001,37.360001,36.52,36.740002,10425200,15.886138
2004-10-29,36.240002,37.080002,35.75,37.040001,12729600,16.015855
2004-10-28,36.419998,37.299999,35.990002,36.25,17591000,15.674264
2004-10-27,35.849998,37.970001,35.849998,36.720001,31657800,15.87749
2004-10-26,35.099998,35.75,35.00,35.73,13452800,15.449419
2004-10-25,34.43,34.509998,33.720001,34.349998,7183400,14.852716
2004-10-22,34.759998,35.040001,34.400002,34.439999,6581800,14.891631
2004-10-21,34.689999,35.200001,34.52,34.75,8893600,15.025674
2004-10-20,33.68,34.66,33.540001,34.619999,7892000,14.969462
2004-10-19,33.630001,34.029999,33.41,33.540001,6824000,14.502478
2004-10-18,34.310001,34.459999,33.610001,33.709999,6800600,14.575984
2004-10-15,34.68,34.709999,34.099998,34.310001,5641400,14.835421
2004-10-14,34.029999,34.77,33.990002,34.439999,8392600,14.891631
2004-10-13,34.200001,34.200001,33.080002,33.779999,11135600,14.606252
2004-10-12,34.360001,34.560001,33.939999,34.099998,6968000,14.744617
2004-10-11,35.450001,35.540001,34.310001,34.389999,8830400,14.870012
2004-10-08,35.049999,35.720001,35.049999,35.369999,11519400,15.293757
2004-10-07,35.299999,36.009998,34.759998,35.049999,12812800,15.155392
2004-10-06,34.080002,34.82,34.07,34.790001,7842800,15.04297
2004-10-05,34.049999,34.220001,33.759998,33.970001,8834000,14.688407
2004-10-04,34.380001,34.59,33.740002,33.869999,7426800,14.645167
2004-10-01,33.689999,34.68,33.50,34.400002,7899000,14.874337
2004-09-30,33.279999,33.900002,33.25,33.689999,6311000,14.567336
2004-09-29,33.529999,33.889999,33.049999,33.200001,7047400,14.355464
2004-09-28,33.50,33.950001,33.110001,33.73,8872200,14.584632
2004-09-27,33.580002,33.98,33.209999,33.220001,9697600,14.364112
2004-09-24,32.200001,33.709999,32.18,33.580002,17199200,14.519774
2004-09-23,32.48,32.48,31.82,32.240002,10935400,13.940367
2004-09-22,32.049999,32.439999,31.780001,32.060001,8455800,13.862536
2004-09-21,31.559999,32.34,31.40,32.27,11148200,13.953338
2004-09-20,31.52,31.83,31.440001,31.59,8939600,13.65931
2004-09-17,31.200001,31.57,31.040001,31.52,5992600,13.629043
2004-09-16,30.92,31.24,30.780001,31.08,4921200,13.43879
2004-09-15,30.559999,31.34,30.51,30.91,9207800,13.365283
2004-09-14,30.620001,30.92,30.459999,30.73,3900600,13.287452
2004-09-13,30.48,30.889999,30.360001,30.76,5891600,13.300424
2004-09-10,30.35,30.459999,30.07,30.309999,6058400,13.105846
2004-09-09,29.91,30.459999,29.879999,30.370001,5679200,13.131791
2004-09-08,29.379999,30.040001,29.34,29.91,7987800,12.932889
2004-09-07,30.040001,30.040001,29.27,29.469999,10888800,12.742636
2004-09-03,29.620001,30.43,29.559999,30.120001,5116600,13.023692
2004-09-02,29.93,29.98,29.42,29.700001,4775200,12.842087
2004-09-01,29.23,29.90,29.059999,29.879999,6934800,12.919917
2004-08-31,28.700001,29.27,28.690001,29.17,5081600,12.612918
2004-08-30,28.950001,29.10,28.799999,29.01,5683000,12.489686
2004-08-27,28.780001,29.07,28.639999,28.950001,3996000,12.463855
2004-08-26,28.32,28.940001,28.290001,28.790001,4681400,12.39497
2004-08-25,28.299999,28.450001,27.99,28.40,5679800,12.227062
2004-08-24,28.450001,28.549999,27.870001,28.200001,5099200,12.140957
2004-08-23,28.950001,28.950001,28.379999,28.379999,4629800,12.218452
2004-08-20,28.40,29.190001,28.389999,28.75,8440800,12.377748
2004-08-19,28.35,28.75,28.120001,28.200001,7280400,12.140957
2004-08-18,27.75,28.40,27.559999,28.200001,13586000,12.140957
2004-08-17,27.799999,27.85,26.450001,27.299999,29539400,11.753479
2004-08-16,28.08,28.15,27.65,27.790001,10702200,11.964439
2004-08-13,28.290001,28.459999,28.08,28.08,7269200,12.089293
2004-08-12,28.950001,29.16,28.219999,28.290001,10311200,12.179705
2004-08-11,29.50,29.73,28.92,29.09,9748400,12.524129
2004-08-10,29.91,30.07,29.559999,29.83,3936200,12.842721
2004-08-09,29.57,30.209999,29.549999,29.90,4586000,12.872858
2004-08-06,30.02,30.139999,29.459999,29.67,8335600,12.773836
2004-08-05,30.60,30.799999,30.02,30.110001,6085400,12.96327
2004-08-04,31.280001,31.389999,30.540001,30.629999,5250800,13.187145
2004-08-03,31.190001,31.85,31.190001,31.379999,5824400,13.510043
2004-08-02,31.530001,31.65,31.01,31.299999,3797200,13.4756
2004-07-30,31.58,31.90,31.50,31.75,4294000,13.669339
2004-07-29,31.32,31.73,30.92,31.48,4457000,13.553096
2004-07-28,31.07,31.50,31.030001,31.200001,5855600,13.432548
2004-07-27,30.120001,31.299999,30.030001,30.889999,5802800,13.299083
2004-07-26,30.60,30.85,29.799999,30.110001,4655000,12.96327
2004-07-23,30.85,31.08,30.540001,30.549999,5745800,13.152702
2004-07-22,30.91,31.209999,30.73,31.040001,5852000,13.363663
2004-07-21,31.58,32.00,30.93,30.950001,6350600,13.324915
2004-07-20,31.030001,31.43,30.82,31.43,4725600,13.53157
2004-07-19,31.67,31.700001,31.120001,31.26,7625400,13.458379
2004-07-16,31.450001,31.84,31.219999,31.50,8634600,13.561707
2004-07-15,30.440001,31.370001,30.25,31.049999,9042200,13.367968
2004-07-14,29.60,30.68,29.57,30.51,9983400,13.135482
2004-07-13,29.02,29.879999,29.02,29.639999,5001000,12.76092
2004-07-12,29.83,29.92,29.42,29.58,4001000,12.735088
2004-07-09,30.00,30.15,29.610001,29.83,6975200,12.842721
2004-07-08,30.299999,30.440001,29.84,30.07,5760000,12.946048
2004-07-07,29.950001,30.299999,29.639999,30.299999,4579200,13.04507
2004-07-06,30.219999,30.440001,29.719999,29.940001,3910600,12.890079
2004-07-02,30.18,30.469999,29.90,30.219999,3666400,13.010627
2004-07-01,30.09,30.35,29.90,30.27,5780600,13.032154
2004-06-30,29.84,30.299999,29.700001,30.26,7334200,13.027849
2004-06-29,29.75,30.49,29.75,29.879999,10269800,12.864247
2004-06-28,30.91,30.98,30.190001,30.49,6994600,13.126871
2004-06-25,30.52,31.34,30.50,31.049999,8261000,13.367968
2004-06-24,30.629999,30.75,30.33,30.51,5540000,13.135482
2004-06-23,30.049999,30.690001,30.00,30.620001,6311200,13.18284
2004-06-22,29.75,30.049999,29.700001,30.049999,4835800,12.937437
2004-06-21,29.959999,30.120001,29.620001,29.809999,5492800,12.83411
2004-06-18,30.299999,30.389999,29.60,30.030001,8637800,12.928827
2004-06-17,30.25,30.35,29.90,30.200001,7265400,13.002017
2004-06-16,29.68,30.450001,29.620001,30.35,10497800,13.066597
2004-06-15,29.299999,29.68,29.200001,29.379999,5977400,12.648982
2004-06-14,28.90,29.25,28.85,29.129999,5933800,12.541349
2004-06-10,29.200001,29.709999,29.00,29.190001,9988000,12.567182
2004-06-09,29.27,29.27,28.82,28.950001,6914200,12.463855
2004-06-08,29.549999,29.809999,28.950001,29.27,7170000,12.601624
2004-06-07,28.879999,29.59,28.790001,29.40,9810000,12.657593
2004-06-04,28.799999,29.00,28.450001,28.85,3954200,12.420801
2004-06-03,28.82,29.280001,28.50,28.57,4600200,12.300253
2004-06-02,29.299999,29.35,28.52,28.82,5489800,12.407885
2004-06-01,29.35,29.620001,28.870001,29.200001,6309000,12.571487
2004-05-28,28.700001,29.25,28.60,29.040001,9004000,12.448786
2004-05-27,29.549999,29.549999,28.48,28.60,8990200,12.260168
2004-05-26,29.65,29.84,29.200001,29.40,8067200,12.60311
2004-05-25,29.049999,29.65,29.00,29.620001,5348200,12.697419
2004-05-24,28.50,29.290001,28.389999,29.00,8005200,12.431639
2004-05-21,28.35,28.549999,28.25,28.459999,5636200,12.200153
2004-05-20,28.85,28.889999,28.200001,28.34,5559200,12.148712
2004-05-19,28.90,29.10,28.51,28.610001,5254600,12.264455
2004-05-18,28.91,28.969999,28.450001,28.879999,7035000,12.380197
2004-05-17,29.00,29.370001,28.799999,28.92,4038800,12.397345
2004-05-14,29.200001,29.59,28.879999,29.15,4750400,12.49594
2004-05-13,28.969999,29.450001,28.889999,29.34,4450400,12.577389
2004-05-12,28.85,29.48,28.719999,28.959999,8027200,12.414491
2004-05-11,28.99,29.01,28.66,28.90,11533400,12.388771
2004-05-10,28.35,28.35,27.35,27.940001,8696600,11.977241
2004-05-07,29.049999,29.33,28.219999,28.219999,5283800,12.09727
2004-05-06,29.700001,29.950001,29.040001,29.24,6652600,12.534521
2004-05-05,29.50,29.860001,28.959999,29.74,13996000,12.74886
2004-05-04,30.459999,30.709999,29.809999,30.049999,6845000,12.88175
2004-05-03,29.700001,30.60,29.60,30.48,8085200,13.066081
2004-04-30,30.299999,30.530001,29.450001,29.799999,7569400,12.77458
2004-04-29,31.01,31.200001,29.91,30.26,7046400,12.971772
2004-04-28,31.00,31.58,30.870001,31.01,8559000,13.29328
2004-04-27,31.299999,32.349998,31.25,31.67,9001800,13.576207
2004-04-26,31.25,31.450001,30.90,30.90,5984800,13.246125
2004-04-23,30.790001,31.00,30.40,30.85,6253400,13.224692
2004-04-22,29.85,30.940001,29.719999,30.790001,6217000,13.198971
2004-04-21,29.950001,29.950001,29.299999,29.84,6260200,12.791728
2004-04-20,30.65,30.84,29.940001,29.940001,5339000,12.834596
2004-04-19,30.700001,31.09,30.42,30.50,6321200,13.074655
2004-04-16,30.200001,30.85,30.02,30.68,6870200,13.151817
2004-04-15,29.85,30.27,29.719999,30.07,5664200,12.890323
2004-04-14,29.65,29.91,29.459999,29.799999,5268800,12.77458
2004-04-13,30.450001,30.629999,29.709999,29.76,5793600,12.757434
2004-04-12,30.00,31.030001,29.93,30.50,8024000,13.074655
2004-04-08,29.90,30.139999,29.700001,29.85,4871200,12.796015
2004-04-07,29.35,29.93,29.059999,29.690001,7992800,12.727426
2004-04-06,29.379999,29.719999,29.299999,29.41,6025200,12.607396
2004-04-05,29.950001,30.049999,29.190001,29.379999,9692600,12.594536
2004-04-02,30.040001,30.190001,29.68,30.02,8888000,12.86889
2004-04-01,30.389999,30.57,29.709999,30.040001,10776800,12.877464
2004-03-31,30.02,30.459999,29.620001,30.389999,12735400,13.0275
2004-03-30,29.09,30.18,29.00,30.02,8769000,12.86889
2004-03-29,29.049999,29.50,28.889999,29.190001,8651800,12.513088
2004-03-26,28.40,29.299999,28.40,28.959999,9165800,12.414491
2004-03-25,28.360001,28.50,28.110001,28.27,10786800,12.118705
2004-03-24,28.629999,28.959999,28.110001,28.25,7914800,12.110131
2004-03-23,29.219999,29.35,28.360001,28.84,7904200,12.363051
2004-03-22,29.43,29.469999,29.00,29.09,6228400,12.47022
2004-03-19,30.18,30.299999,29.33,29.48,8885800,12.637404
2004-03-18,30.00,30.60,29.83,30.32,6698800,12.997493
2004-03-17,29.360001,30.40,29.26,30.200001,11124000,12.946052
2004-03-16,29.18,29.209999,28.75,28.860001,6684200,12.371624
2004-03-15,29.209999,29.48,29.110001,29.18,10112800,12.508801
2004-03-12,28.860001,29.620001,28.799999,29.200001,19962000,12.517375
2004-03-11,28.32,29.35,27.610001,28.24,36055400,12.105844
2004-03-10,30.530001,30.92,29.76,29.969999,12079800,12.847455
2004-03-09,30.00,31.00,29.950001,30.700001,20888200,13.16039
2004-03-08,31.76,31.99,31.51,31.610001,6260800,13.550487
2004-03-05,31.57,31.98,31.379999,31.51,7714800,13.507619
2004-03-04,31.549999,31.74,31.450001,31.57,6020400,13.533339
2004-03-03,31.91,31.91,31.43,31.50,7893600,13.503332
2004-03-02,32.529999,32.700001,31.879999,31.90,8854000,13.674803
2004-03-01,32.00,32.59,32.00,32.509998,7514800,13.882711
2004-02-27,31.73,32.119999,31.66,31.959999,6216600,13.647845
2004-02-26,31.129999,31.799999,30.969999,31.73,5866600,13.549629
2004-02-25,31.00,31.469999,30.90,31.139999,7020000,13.297681
2004-02-24,30.969999,31.07,30.25,31.040001,9125800,13.254979
2004-02-23,31.00,31.129999,30.76,31.02,3868400,13.246438
2004-02-20,31.43,31.43,30.66,30.91,7236800,13.199465
2004-02-19,31.049999,31.559999,30.83,31.18,9235600,13.314763
2004-02-18,31.75,31.870001,30.93,30.950001,5525600,13.216546
2004-02-17,31.620001,31.870001,31.32,31.790001,5128600,13.575251
2004-02-13,31.50,31.76,31.32,31.639999,8390800,13.511196
2004-02-12,30.90,31.690001,30.90,31.629999,9459800,13.506925
2004-02-11,30.66,31.209999,30.66,31.040001,12215400,13.254979
2004-02-10,30.02,30.77,30.01,30.360001,8755600,12.964599
2004-02-09,29.75,30.16,29.66,30.030001,6538600,12.82368
2004-02-06,29.200001,29.65,29.120001,29.65,4290400,12.661408
2004-02-05,30.110001,30.200001,29.02,29.40,9594200,12.554651
2004-02-04,30.18,30.389999,30.030001,30.10,7446400,12.853572
2004-02-03,30.35,30.66,29.90,30.200001,8562600,12.896275
2004-02-02,30.49,30.60,29.74,30.49,8741400,13.020113
2004-01-30,30.48,30.68,29.940001,30.15,7310600,12.874923
2004-01-29,30.15,30.25,28.77,30.23,17092400,12.909085
2004-01-28,29.07,29.67,28.82,29.41,10957200,12.558921
2004-01-27,29.16,29.49,28.73,29.120001,6785000,12.435083
2004-01-26,28.92,29.299999,28.57,29.280001,11209400,12.503408
2004-01-23,28.299999,29.120001,28.00,28.92,16265000,12.349677
2004-01-22,28.50,28.67,27.90,28.23,5561000,12.055027
2004-01-21,28.35,28.629999,28.16,28.49,7742200,12.166055
2004-01-20,27.790001,28.59,27.790001,28.40,9028800,12.127622
2004-01-16,26.98,27.51,26.809999,27.49,7394000,11.739026
2004-01-15,27.440001,27.73,26.85,26.85,6421600,11.465728
2004-01-14,27.92,27.950001,27.200001,27.389999,6557000,11.696323
2004-01-13,28.18,28.35,27.85,27.98,8044600,11.94827
2004-01-12,28.00,28.18,27.76,28.049999,7055400,11.978162
2004-01-09,26.91,28.35,26.780001,28.00,19980800,11.956811
2004-01-08,26.48,27.00,26.40,26.98,6222400,11.521241
2004-01-07,26.50,26.620001,26.280001,26.530001,7213200,11.329078
2004-01-06,26.32,26.889999,26.280001,26.85,10854800,11.465728
2004-01-05,25.98,26.24,25.799999,26.120001,10380800,11.153997
2004-01-02,26.02,26.290001,25.90,26.030001,3240000,11.115564
2003-12-31,26.02,26.190001,25.76,26.00,4777800,11.102753
2003-12-30,26.27,26.59,26.139999,26.219999,5832400,11.196699
2003-12-29,26.440001,26.700001,26.10,26.17,6872800,11.175348
2003-12-26,26.33,26.450001,26.120001,26.24,1554200,11.20524
2003-12-24,26.139999,26.33,25.92,26.209999,3143400,11.192428
2003-12-23,26.690001,26.77,25.950001,26.01,9127400,11.107023
2003-12-22,26.65,26.99,26.290001,26.99,7519400,11.525511
2003-12-19,27.129999,27.129999,26.52,26.799999,12887800,11.444376
2003-12-18,25.719999,27.200001,25.65,27.120001,18686000,11.581026
2003-12-17,24.700001,25.690001,24.700001,25.60,9539600,10.931941
2003-12-16,24.57,25.280001,24.549999,25.139999,7902200,10.735508
2003-12-15,25.469999,25.50,24.559999,24.66,8258400,10.530534
2003-12-12,25.200001,25.620001,24.65,25.459999,13674200,10.872157
2003-12-11,25.00,25.08,24.610001,24.690001,7575400,10.543345
2003-12-10,24.200001,25.00,24.200001,25.00,7779600,10.675724
2003-12-09,24.639999,24.67,24.26,24.549999,5039400,10.48356
2003-12-08,24.42,24.639999,24.33,24.639999,5825400,10.521993
2003-12-05,23.60,24.440001,23.440001,24.40,10830400,10.419506
2003-12-04,23.299999,23.85,23.219999,23.549999,9809200,10.056532
2003-12-03,23.50,23.66,23.32,23.32,3773000,9.958315
2003-12-02,23.360001,23.58,23.32,23.540001,4368200,10.052262
2003-12-01,23.450001,23.639999,23.32,23.389999,3929600,9.988207
2003-11-28,23.299999,23.43,23.16,23.35,1154000,9.971126
2003-11-26,23.25,23.469999,23.049999,23.41,3369400,9.943369
2003-11-25,23.16,23.540001,23.16,23.25,3751800,9.875409
2003-11-24,23.15,23.290001,22.940001,23.23,4148400,9.866914
2003-11-21,23.200001,23.290001,22.799999,23.15,6209400,9.832934
2003-11-20,23.26,23.42,23.15,23.370001,6812000,9.926379
2003-11-19,23.67,23.73,23.27,23.43,4435400,9.951864
2003-11-18,23.799999,23.90,23.299999,23.67,4743200,10.053804
2003-11-17,22.23,24.00,22.23,23.700001,4398000,10.066546
2003-11-14,24.049999,24.360001,23.91,24.209999,4073200,10.283168
2003-11-13,23.950001,24.280001,23.940001,24.17,6551400,10.266178
2003-11-12,23.780001,23.98,23.67,23.92,3777800,10.159991
2003-11-11,23.85,23.90,23.68,23.83,3269000,10.121763
2003-11-10,24.209999,24.25,23.860001,23.870001,3639600,10.138754
2003-11-07,24.629999,24.690001,24.10,24.209999,9739200,10.283168
2003-11-06,24.00,24.27,23.690001,24.10,7480000,10.236446
2003-11-05,23.92,24.50,23.82,24.35,7789000,10.342633
2003-11-04,23.700001,23.98,23.43,23.889999,6025200,10.147248
2003-11-03,24.219999,24.219999,23.60,23.700001,4595000,10.066546
2003-10-31,23.91,24.129999,23.74,23.879999,7266000,10.143
2003-10-30,23.719999,23.719999,23.10,23.370001,7641400,9.926379
2003-10-29,24.08,24.469999,23.450001,23.52,8940400,9.990091
2003-10-28,24.219999,24.299999,23.559999,24.08,7813400,10.227951
2003-10-27,23.90,24.34,23.90,24.34,7432400,10.338385
2003-10-24,23.870001,24.00,23.66,23.98,5520000,10.185476
2003-10-23,23.950001,24.049999,23.50,24.049999,8671000,10.215208
2003-10-22,24.33,24.33,23.690001,23.950001,6769200,10.172734
2003-10-21,23.799999,24.42,23.799999,24.33,7123800,10.334138
2003-10-20,24.110001,24.209999,23.799999,23.940001,6553200,10.168486
2003-10-17,24.299999,24.299999,23.889999,24.110001,7375000,10.240693
2003-10-16,24.139999,24.559999,24.02,24.299999,9613400,10.321395
2003-10-15,24.379999,24.40,23.620001,24.030001,13225800,10.206713
2003-10-14,24.15,24.379999,23.83,24.379999,8231000,10.355375
2003-10-13,24.77,24.85,24.32,24.35,5151400,10.342633
2003-10-10,24.52,24.99,24.49,24.75,12280600,10.512532
2003-10-09,24.50,24.950001,24.48,24.76,13689200,10.51678
2003-10-08,25.35,25.67,25.10,25.26,7406600,10.729154
2003-10-07,25.17,26.700001,24.040001,25.540001,5464200,10.848084
2003-10-06,25.209999,25.40,25.129999,25.17,5397200,10.690927
2003-10-03,25.33,25.60,25.07,25.389999,6300000,10.784371
2003-10-02,24.950001,25.23,24.76,25.23,6499800,10.716411
2003-10-01,24.25,24.950001,23.200001,24.950001,7422200,10.597482
2003-09-30,24.559999,24.780001,24.200001,24.25,8450200,10.300158
2003-09-29,24.129999,24.639999,24.049999,24.559999,4646800,10.43183
2003-09-26,24.75,24.85,24.00,24.030001,5622800,10.206713
2003-09-25,25.059999,25.10,24.719999,24.719999,4607400,10.49979
2003-09-24,25.57,25.90,24.950001,25.01,7301000,10.622967
2003-09-23,24.629999,24.950001,24.620001,24.879999,4328800,10.567749
2003-09-22,24.469999,24.959999,24.389999,24.530001,6041200,10.419088
2003-09-19,24.40,24.469999,24.040001,24.370001,6376600,10.351128
2003-09-18,24.07,24.40,23.790001,24.290001,7756200,10.317148
2003-09-17,24.50,24.50,23.969999,24.129999,7470800,10.249188
2003-09-16,24.18,24.540001,24.07,24.52,6773600,10.41484
2003-09-15,24.190001,24.25,23.950001,24.01,3934800,10.198218
2003-09-12,24.08,24.25,23.92,24.24,4563400,10.29591
2003-09-11,24.379999,24.50,23.870001,23.950001,5690800,10.172734
2003-09-10,24.52,24.559999,24.18,24.33,6987600,10.334138
2003-09-09,25.02,25.02,24.469999,24.52,8310000,10.41484
2003-09-08,25.10,25.10,24.68,25.02,7225400,10.627215
2003-09-05,24.290001,24.51,24.15,24.50,5243200,10.406345
2003-09-04,24.59,24.68,24.00,24.290001,6628400,10.317148
2003-09-03,24.50,25.00,24.15,24.60,9765800,10.44882
2003-09-02,24.049999,24.50,23.65,24.50,7437000,10.406345
2003-08-29,24.040001,24.190001,23.77,24.18,6623000,10.217332
2003-08-28,23.75,24.07,23.200001,24.040001,9229000,10.158175
2003-08-27,23.280001,23.540001,23.10,23.139999,4650600,9.777876
2003-08-26,23.00,23.40,22.610001,23.299999,3758200,9.845485
2003-08-25,23.299999,23.690001,23.059999,23.15,3898400,9.782102
2003-08-22,23.790001,23.879999,23.24,23.299999,4015800,9.845485
2003-08-21,23.85,23.969999,23.459999,23.83,5221000,10.069438
2003-08-20,23.299999,23.870001,23.200001,23.73,6703800,10.027183
2003-08-19,23.639999,23.67,23.27,23.299999,4694000,9.845485
2003-08-18,23.66,23.700001,23.299999,23.440001,4505800,9.904643
2003-08-15,23.299999,23.549999,23.10,23.41,4836200,9.891966
2003-08-14,23.15,23.379999,22.83,23.18,8399200,9.794779
2003-08-13,23.33,23.33,22.73,23.07,9065000,9.748298
2003-08-12,23.40,23.620001,23.059999,23.33,7721400,9.858162
2003-08-11,23.43,23.73,23.25,23.40,6323400,9.88774
2003-08-08,23.26,23.76,20.75,23.43,9087800,9.900417
2003-08-07,22.65,23.379999,22.50,23.26,7834000,9.828583
2003-08-06,22.40,22.719999,22.16,22.50,7986600,9.507443
2003-08-05,22.379999,22.59,22.07,22.15,5696000,9.359549
2003-08-04,22.43,22.469999,21.870001,22.280001,6301800,9.414481
2003-08-01,21.98,22.379999,21.98,22.24,7596000,9.397579
2003-07-31,21.75,22.23,21.60,22.17,12770800,9.368
2003-07-30,21.00,21.16,20.719999,21.110001,7637000,8.920094
2003-07-29,21.200001,21.200001,20.52,20.940001,9837600,8.84826
2003-07-28,20.85,21.219999,20.50,21.200001,8223400,8.958124
2003-07-25,21.15,21.360001,20.610001,21.10,6396400,8.915869
2003-07-24,21.42,21.75,21.110001,21.139999,7551800,8.93277
2003-07-23,21.700001,21.870001,20.99,21.43,5325600,9.055311
2003-07-22,21.59,21.98,21.41,21.59,6251000,9.122919
2003-07-21,22.549999,22.639999,21.48,21.59,9689400,9.122919
2003-07-18,20.66,22.40,20.66,22.299999,16173200,9.422932
2003-07-17,21.25,21.59,20.91,21.25,12682800,8.979251
2003-07-16,21.85,21.85,21.09,21.50,14445400,9.08489
2003-07-15,22.200001,22.48,21.75,21.85,8521000,9.232783
2003-07-14,22.98,22.98,22.219999,22.27,7634000,9.410256
2003-07-11,22.950001,23.16,22.35,22.60,11275400,9.549698
2003-07-10,21.85,23.389999,21.85,22.75,23494400,9.613081
2003-07-09,23.50,23.90,23.450001,23.450001,15811200,9.908868
2003-07-08,22.00,23.450001,22.00,22.83,12272400,9.646885
2003-07-07,22.23,22.43,21.92,22.23,9647400,9.393353
2003-07-03,22.540001,22.84,22.35,22.370001,7309800,9.452511
2003-07-02,22.719999,23.02,22.530001,22.719999,9443400,9.600404
2003-07-01,23.00,23.00,22.60,22.719999,9542400,9.600404
2003-06-30,23.129999,23.35,22.82,23.00,9455400,9.718719
2003-06-27,23.35,23.74,23.10,23.120001,10684000,9.769426
2003-06-26,23.440001,24.18,22.35,23.42,27029800,9.896191
2003-06-25,23.200001,23.860001,23.10,23.440001,30634000,9.904643
2003-06-24,22.139999,23.66,21.91,22.82,36839600,9.642659
2003-06-23,23.00,23.299999,22.280001,22.57,10935400,9.537021
2003-06-20,23.15,23.799999,22.969999,23.16,17814800,9.786327
2003-06-19,24.52,24.75,24.280001,24.43,5806200,10.32297
2003-06-18,24.639999,24.969999,23.540001,24.65,6212400,10.415931
2003-06-17,24.50,25.00,24.35,24.639999,9015200,10.411706
2003-06-16,24.33,24.540001,23.77,24.540001,8530000,10.369451
2003-06-13,24.629999,24.639999,23.889999,24.309999,7560600,10.272263
2003-06-12,25.370001,25.370001,24.34,24.629999,10068400,10.40748
2003-06-11,24.00,25.00,23.700001,24.870001,12880600,10.508894
2003-06-10,23.65,23.950001,23.42,23.85,4497200,10.077889
2003-06-09,23.879999,24.10,23.58,23.65,5233000,9.993378
2003-06-06,23.85,24.299999,23.68,24.049999,9665000,10.162399
2003-06-05,23.450001,23.74,23.25,23.700001,5173000,10.014506
2003-06-04,23.40,23.74,23.219999,23.74,6733600,10.031408
2003-06-03,23.09,23.469999,22.799999,23.25,6612400,9.824357
2003-06-02,23.799999,23.950001,23.40,23.469999,5466400,9.8645
2003-05-30,23.15,23.950001,23.129999,23.870001,8181000,10.032621
2003-05-29,23.75,23.84,23.07,23.15,7292800,9.730003
2003-05-28,24.00,24.18,23.360001,23.559999,4946400,9.902327
2003-05-27,23.73,24.17,23.540001,24.00,6944000,10.08726
2003-05-23,23.549999,23.790001,23.48,23.690001,4784400,9.956967
2003-05-22,23.950001,23.950001,23.389999,23.799999,7832400,10.003199
2003-05-21,22.950001,24.110001,22.879999,23.950001,9544200,10.066245
2003-05-20,23.15,23.370001,22.83,23.08,5591200,9.700582
2003-05-19,23.67,23.73,23.209999,23.209999,8368600,9.755221
2003-05-16,24.370001,24.440001,23.639999,23.77,8899000,9.990591
2003-05-15,24.209999,24.67,24.059999,24.370001,8274200,10.242773
2003-05-14,23.90,24.34,23.57,24.209999,11329200,10.175523
2003-05-13,23.15,23.90,23.08,23.90,8386800,10.04523
2003-05-12,23.00,23.42,22.709999,23.23,10215400,9.763627
2003-05-09,23.75,23.75,23.17,23.700001,6491000,9.96117
2003-05-08,23.530001,23.959999,22.99,23.51,9100000,9.881312
2003-05-07,22.66,23.82,22.629999,23.360001,12240600,9.818267
2003-05-06,22.219999,23.01,22.219999,22.66,7206400,9.524055
2003-05-05,21.950001,22.50,21.85,22.16,6275800,9.313904
2003-05-02,21.379999,22.08,21.299999,21.950001,6538800,9.22564
2003-05-01,21.50,21.639999,21.120001,21.25,6124000,8.931428
2003-04-30,21.02,21.629999,21.02,21.41,6499000,8.998677
2003-04-29,20.33,21.370001,20.33,20.99,7409200,8.82215
2003-04-28,21.24,21.65,21.10,21.309999,4573600,8.956646
2003-04-25,21.559999,21.559999,21.15,21.200001,5586200,8.910414
2003-04-24,21.50,21.50,21.219999,21.360001,6657800,8.977662
2003-04-23,21.10,21.370001,20.76,21.16,5903200,8.893601
2003-04-22,20.709999,21.15,20.549999,21.02,6327600,8.834759
2003-04-21,20.950001,20.969999,20.57,20.76,5197000,8.72548
2003-04-17,20.129999,20.98,19.98,20.950001,7954800,8.805338
2003-04-16,20.77,20.879999,20.16,20.27,9582800,8.519532
2003-04-15,21.59,21.620001,20.77,20.790001,8482800,8.73809
2003-04-14,21.75,21.75,21.34,21.65,5083800,9.099549
2003-04-11,21.450001,21.76,21.299999,21.60,6863200,9.078534
2003-04-10,21.00,21.559999,20.959999,21.450001,6497600,9.015489
2003-04-09,20.950001,21.040001,20.790001,20.85,4196800,8.763307
2003-04-08,20.889999,21.02,20.67,20.809999,4092200,8.746495
2003-04-07,20.90,21.01,20.530001,20.809999,6302000,8.746495
2003-04-04,20.799999,20.879999,20.50,20.530001,5187600,8.628811
2003-04-03,21.25,21.389999,20.60,20.60,5709000,8.658232
2003-04-02,21.02,21.40,20.90,21.32,10094000,8.960849
2003-04-01,20.74,21.09,20.67,21.02,8798400,8.834759
2003-03-31,20.01,20.940001,19.99,20.73,9420400,8.712871
2003-03-28,21.950001,22.10,21.370001,21.440001,15555000,9.011286
2003-03-27,20.870001,21.790001,20.83,21.50,11634000,9.036504
2003-03-26,21.00,21.200001,20.66,20.690001,12025400,8.696059
2003-03-25,20.33,20.92,20.309999,20.66,9992800,8.68345
2003-03-24,20.690001,20.950001,20.10,20.120001,8677400,8.456487
2003-03-21,21.389999,21.40,20.610001,20.700001,10197600,8.700262
2003-03-20,20.50,21.33,20.42,21.110001,14912400,8.872586
2003-03-19,21.00,21.00,20.190001,20.50,8786400,8.616201
2003-03-18,20.049999,20.93,19.90,20.90,11863200,8.784322
2003-03-17,19.40,20.01,19.40,20.00,7951200,8.40605
2003-03-14,19.43,20.50,19.370001,19.549999,7926600,8.216914
2003-03-13,19.549999,19.60,19.129999,19.43,5772400,8.166478
2003-03-12,19.540001,19.540001,18.65,19.200001,9807400,8.069809
2003-03-11,20.27,20.35,19.43,19.540001,7539600,8.212711
2003-03-10,20.690001,20.700001,20.139999,20.139999,6538600,8.464892
2003-03-07,20.68,20.75,20.200001,20.66,15548600,8.68345
2003-03-06,19.950001,20.48,19.93,20.41,6033200,8.578374
2003-03-05,20.00,20.059999,19.75,20.00,5945200,8.40605
2003-03-04,20.370001,20.690001,19.92,19.940001,8609800,8.380832
2003-03-03,20.450001,20.74,20.190001,20.50,8271000,8.563664
2003-02-28,20.10,20.280001,19.879999,20.26,7067600,8.463406
2003-02-27,20.450001,20.50,19.799999,19.969999,6911200,8.342261
2003-02-26,19.860001,20.57,19.799999,20.299999,6308800,8.480115
2003-02-25,20.40,20.879999,19.799999,19.940001,10619400,8.32973
2003-02-24,20.00,20.57,19.91,20.48,8243000,8.555309
2003-02-21,19.469999,20.17,19.35,20.00,7319200,8.354794
2003-02-20,19.40,19.74,18.809999,19.42,7397800,8.112505
2003-02-19,19.51,19.60,19.049999,19.40,7050000,8.10415
2003-02-18,18.799999,19.59,18.799999,19.559999,7141000,8.170988
2003-02-14,18.99,19.219999,18.700001,19.190001,6564400,8.016425
2003-02-13,19.25,19.40,18.719999,18.790001,5423000,7.849329
2003-02-12,19.59,19.790001,19.24,19.299999,5690200,8.062376
2003-02-11,20.00,20.00,19.50,19.59,6101400,8.183521
2003-02-10,19.030001,19.50,18.85,19.50,5735600,8.145924
2003-02-07,19.280001,19.41,18.84,18.879999,4318200,7.886925
2003-02-06,18.719999,19.280001,18.719999,19.280001,7268600,8.054021
2003-02-05,19.25,19.370001,18.950001,18.959999,7227200,7.920344
2003-02-04,18.85,19.309999,18.620001,19.15,6024200,7.999715
2003-02-03,19.110001,19.110001,18.700001,18.90,5748800,7.89528
2003-01-31,18.549999,18.950001,18.23,18.76,5078400,7.836797
2003-01-30,18.780001,19.219999,18.629999,18.799999,11913000,7.853506
2003-01-29,18.40,18.60,18.01,18.60,5730600,7.769958
2003-01-28,18.00,18.40,17.83,18.40,6770600,7.68641
2003-01-27,18.25,18.459999,17.60,17.780001,5504000,7.427412
2003-01-24,18.59,18.860001,18.120001,18.40,7765600,7.68641
2003-01-23,18.549999,18.690001,18.17,18.549999,5907200,7.749071
2003-01-22,17.50,18.41,17.200001,18.35,13327800,7.665523
2003-01-21,18.50,18.74,18.049999,18.139999,5866200,7.577798
2003-01-17,19.139999,19.200001,18.799999,18.82,4199400,7.861861
2003-01-16,19.190001,19.450001,18.870001,19.190001,7031200,8.016425
2003-01-15,18.75,19.219999,18.57,18.99,9962400,7.932877
2003-01-14,19.50,19.549999,18.75,18.90,10305600,7.89528
2003-01-13,19.65,19.700001,18.969999,19.49,11313800,8.141746
2003-01-10,19.08,20.00,18.92,19.65,12512600,8.208585
2003-01-09,19.049999,19.389999,19.01,19.08,9015600,7.970473
2003-01-08,18.200001,19.24,18.059999,18.870001,10162600,7.882748
2003-01-07,18.91,18.950001,18.209999,18.32,8744800,7.652991
2003-01-06,18.98,19.049999,18.709999,18.90,6851600,7.89528
2003-01-03,19.209999,19.370001,18.950001,18.98,6098400,7.928699
2003-01-02,19.049999,19.73,18.65,19.18,7197400,8.012247
2002-12-31,18.48,18.77,17.90,18.709999,5978800,7.815909
2002-12-30,18.40,18.66,18.40,18.50,5471400,7.728184
2002-12-27,18.75,19.139999,18.40,18.40,3927800,7.68641
2002-12-26,19.32,19.540001,18.950001,18.950001,3151400,7.916167
2002-12-24,19.379999,19.610001,19.18,19.32,2086200,8.070731
2002-12-23,19.02,19.42,18.75,19.280001,7502400,8.054021
2002-12-20,18.25,19.200001,18.25,19.08,21892000,7.970473
2002-12-19,19.58,20.450001,19.219999,19.50,15081400,8.145924
2002-12-18,20.10,23.00,19.02,20.969999,32846000,8.760001
2002-12-17,20.26,20.639999,20.18,20.35,9815600,8.501003
2002-12-16,19.75,20.370001,19.549999,20.25,9647400,8.459229
2002-12-13,20.01,20.16,19.52,19.75,14131600,8.250359
2002-12-12,21.549999,21.549999,20.00,20.00,34595200,8.354794
2002-12-11,19.83,21.10,19.440001,20.40,22463200,8.52189
2002-12-10,19.50,19.969999,19.290001,19.83,9735800,8.283778
2002-12-09,19.50,20.50,19.459999,19.50,6238200,8.145924
2002-12-06,19.82,20.629999,19.530001,20.190001,5872000,8.434165
2002-12-05,20.049999,20.10,19.50,19.92,5740800,8.321375
2002-12-04,19.440001,19.870001,18.709999,19.75,13957000,8.250359
2002-12-03,20.75,21.219999,19.90,20.190001,9465400,8.434165
2002-12-02,21.00,21.25,19.870001,20.780001,11351000,8.680631
2002-11-29,19.200001,21.389999,19.200001,21.370001,15199600,8.927098
2002-11-27,18.91,19.299999,18.58,19.190001,6678800,8.016425
2002-11-26,18.65,18.950001,18.51,18.610001,6764800,7.774136
2002-11-25,18.57,18.68,17.690001,18.309999,6419000,7.648813
2002-11-22,19.00,19.370001,18.809999,18.85,12648800,7.822176
2002-11-21,18.08,19.50,18.08,19.110001,21850400,7.930068
2002-11-20,17.549999,18.10,17.50,18.08,6963200,7.502649
2002-11-19,17.75,18.139999,17.51,17.65,4070600,7.324212
2002-11-18,17.879999,17.879999,17.290001,17.799999,5358600,7.386457
2002-11-15,17.120001,17.98,17.00,17.85,9423200,7.407206
2002-11-14,15.94,17.950001,15.79,17.73,18363200,7.35741
2002-11-13,15.80,16.17,15.40,15.58,5583000,6.465225
2002-11-12,16.43,16.440001,15.67,15.87,4705200,6.585566
2002-11-11,16.379999,16.75,16.030001,16.10,4880800,6.68101
2002-11-08,16.90,17.08,16.40,16.58,6086400,6.880195
2002-11-07,17.75,17.790001,16.33,16.549999,11794600,6.867745
2002-11-06,17.10,18.00,16.809999,17.950001,23054600,7.448703
2002-11-05,16.67,16.889999,15.75,16.280001,7759800,6.755704
2002-11-04,17.200001,17.98,16.10,16.620001,14046000,6.896794
2002-11-01,16.129999,17.10,15.98,17.10,10410200,7.095979
2002-10-31,15.51,16.440001,15.49,16.18,9575000,6.714207
2002-10-30,14.89,15.44,14.79,15.26,4837200,6.332435
2002-10-29,14.85,14.98,14.54,14.78,4158600,6.13325
2002-10-28,14.88,15.37,14.51,14.89,4220200,6.178896
2002-10-25,14.65,15.00,14.61,14.88,4562800,6.174747
2002-10-24,15.80,16.35,14.87,15.12,9723600,6.274339
2002-10-23,15.00,15.79,15.00,15.68,5130800,6.506722
2002-10-22,15.49,15.75,14.98,15.20,4566200,6.307537
2002-10-21,15.03,15.81,15.02,15.76,5014200,6.53992
2002-10-18,14.62,15.33,14.61,15.33,5796800,6.361483
2002-10-17,14.82,15.04,14.66,14.95,4316000,6.203794
2002-10-16,15.00,15.00,14.43,14.67,4766600,6.087603
2002-10-15,15.05,15.20,14.71,15.00,7642400,6.224543
2002-10-14,14.02,14.90,13.97,14.75,4629200,6.120801
2002-10-11,13.73,14.09,13.53,14.07,4205800,5.838621
2002-10-10,12.75,13.66,12.50,13.66,6007800,5.668484
2002-10-09,13.18,13.30,12.45,12.78,7640200,5.303311
2002-10-08,13.86,14.20,13.13,13.43,7310200,5.573041
2002-10-07,14.20,14.80,13.97,14.00,8388000,5.809573
2002-10-04,14.45,14.74,14.11,14.30,7098200,5.934064
2002-10-03,14.25,14.60,14.10,14.60,9991400,6.058555
2002-10-02,13.78,14.28,13.71,13.98,11582000,5.801274
2002-10-01,12.91,14.09,12.86,14.05,8179200,5.830322
2002-09-30,13.02,13.25,12.70,12.91,4163200,5.357257
2002-09-27,13.31,13.77,13.03,13.19,4040800,5.473448
2002-09-26,12.95,13.59,12.63,13.50,3889400,5.602089
2002-09-25,12.43,13.05,12.05,13.00,4610600,5.394604
2002-09-24,12.85,13.18,12.36,12.38,5716600,5.137323
2002-09-23,13.01,13.24,12.60,13.20,5008000,5.477598
2002-09-20,13.26,13.49,12.70,12.98,5888000,5.386304
2002-09-19,13.63,14.09,12.90,13.20,4332800,5.477598
2002-09-18,13.95,14.35,13.70,13.98,4499000,5.801274
2002-09-17,14.48,14.55,14.02,14.15,5608800,5.871819
2002-09-16,14.10,14.71,13.95,14.60,3681400,6.058555
2002-09-13,13.85,14.29,13.81,14.13,2753000,5.86352
2002-09-12,14.27,14.48,13.91,14.00,3584200,5.809573
2002-09-11,16.00,16.00,14.31,14.35,2593800,5.954813
2002-09-10,13.80,14.40,13.74,14.31,3868400,5.938214
2002-09-09,13.75,13.95,13.41,13.83,4306000,5.739029
2002-09-06,13.93,14.02,13.69,13.84,4373800,5.743178
2002-09-05,13.75,13.94,13.29,13.68,5772400,5.676783
2002-09-04,13.80,14.10,13.30,13.81,5355400,5.730729
2002-09-03,14.82,14.82,13.64,13.80,6743800,5.72658
2002-08-30,14.85,15.45,14.75,15.20,4506600,6.255666
2002-08-29,14.78,15.02,14.45,14.75,4057200,6.070465
2002-08-28,15.15,15.20,14.84,14.95,4367200,6.152776
2002-08-27,15.25,15.40,14.94,15.30,5125000,6.296822
2002-08-26,14.70,15.04,14.44,14.99,4857400,6.169239
2002-08-23,14.80,15.09,14.59,14.68,3830000,6.041656
2002-08-22,14.19,15.07,14.10,15.00,4952000,6.173354
2002-08-21,14.05,14.23,13.52,14.23,5581400,5.856455
2002-08-20,14.67,14.67,13.81,14.09,5783200,5.798838
2002-08-19,14.75,14.97,14.20,14.87,4275200,6.119852
2002-08-16,15.00,15.10,14.49,14.85,5563800,6.111621
2002-08-15,14.04,15.22,14.01,15.12,7931800,6.222741
2002-08-14,13.47,14.25,13.05,14.18,5535400,5.835878
2002-08-13,13.55,13.93,13.32,13.37,4352600,5.502516
2002-08-12,13.53,14.00,12.80,13.65,4345800,5.617752
2002-08-09,13.25,13.80,12.66,13.78,4936000,5.671255
2002-08-08,12.18,13.27,12.10,13.21,7316800,5.436667
2002-08-07,12.31,12.47,11.38,12.18,5406800,5.012764
2002-08-06,11.89,12.48,11.80,12.16,4254400,5.004533
2002-08-05,11.86,12.05,11.30,11.50,4395000,4.732905
2002-08-02,12.56,12.68,11.80,11.96,5738400,4.922221
2002-08-01,13.20,13.25,12.52,12.56,6457400,5.169156
2002-07-31,13.70,13.71,13.01,13.20,6439200,5.432552
2002-07-30,13.77,14.14,13.46,13.60,8051800,5.597175
2002-07-29,13.15,13.87,13.10,13.87,6146600,5.708295
2002-07-26,12.55,12.99,12.31,12.98,10041800,5.342009
2002-07-25,12.25,13.30,11.80,12.54,18469400,5.160924
2002-07-24,9.10,11.95,9.05,11.20,20362400,4.609438
2002-07-23,9.97,10.20,8.97,9.10,14415600,3.745168
2002-07-22,11.10,11.59,9.85,9.97,17280600,4.103223
2002-07-19,12.26,12.62,11.11,11.55,8268800,4.753483
2002-07-18,12.85,13.35,12.50,12.71,6333200,5.230889
2002-07-17,13.20,13.51,12.65,12.85,5802200,5.288507
2002-07-16,12.70,13.50,12.64,13.05,7104800,5.370818
2002-07-15,13.42,13.57,12.27,13.10,8657200,5.391396
2002-07-12,13.35,13.59,13.20,13.52,11489200,5.56425
2002-07-11,12.90,13.50,12.70,13.27,10892600,5.461361
2002-07-10,14.22,14.34,13.25,13.55,12068800,5.576597
2002-07-09,14.25,14.35,14.12,14.12,5812400,5.811184
2002-07-08,14.83,14.96,14.15,14.33,7848400,5.897611
2002-07-05,14.47,14.98,14.46,14.98,2928800,6.165123
2002-07-03,14.20,14.60,13.75,14.40,7654000,5.92642
2002-07-02,15.00,15.22,14.26,14.50,12043600,5.967576
2002-07-01,15.80,15.84,15.05,15.16,5070800,6.239203
2002-06-28,15.73,16.059999,15.62,15.94,7448800,6.560218
2002-06-27,15.52,15.75,15.06,15.75,7363800,6.482022
2002-06-26,15.25,15.78,14.60,15.52,9198000,6.387364
2002-06-25,16.60,16.620001,16.08,16.08,4248200,6.617836
2002-06-24,16.25,16.389999,16.059999,16.24,4950800,6.683685
2002-06-21,16.549999,16.75,15.90,16.25,7850600,6.687801
2002-06-20,16.790001,17.00,16.15,16.549999,6414800,6.811267
2002-06-19,16.85,17.08,16.67,16.77,3653200,6.90181
2002-06-18,17.200001,17.200001,16.870001,16.950001,5700200,6.975891
2002-06-17,16.92,17.290001,16.90,17.08,6645800,7.029393
2002-06-14,16.700001,17.02,16.530001,16.799999,5140000,6.914157
2002-06-13,17.01,17.299999,16.77,17.10,5472400,7.037624
2002-06-12,16.50,17.389999,16.50,17.00,7474000,6.996468
2002-06-11,17.389999,17.389999,16.450001,16.49,6117000,6.786574
2002-06-10,17.60,17.860001,17.08,17.08,4038400,7.029393
2002-06-07,17.40,17.700001,17.24,17.68,6268800,7.276327
2002-06-06,17.85,18.18,17.35,17.620001,4231200,7.251634
2002-06-05,17.82,18.00,17.059999,17.780001,5945400,7.317483
2002-06-04,18.200001,18.700001,17.620001,17.92,7812600,7.375101
2002-06-03,18.50,18.65,18.25,18.33,5275800,7.492395
2002-05-31,18.25,18.700001,18.10,18.549999,6323800,7.582319
2002-05-30,18.00,18.68,18.00,18.49,9331200,7.557795
2002-05-29,18.049999,19.049999,17.90,18.719999,26839200,7.651807
2002-05-28,19.50,19.629999,19.15,19.35,9309800,7.90932
2002-05-24,19.209999,19.25,18.950001,19.10,8375000,7.807133
2002-05-23,18.60,19.440001,18.57,19.40,28459800,7.929757
2002-05-22,17.18,18.00,16.959999,18.00,11119200,7.357507
2002-05-21,17.549999,17.690001,17.34,17.43,10645800,7.124519
2002-05-20,17.030001,17.469999,16.85,17.24,4481800,7.046857
2002-05-17,16.700001,17.10,16.65,17.030001,8887800,6.961019
2002-05-16,16.799999,17.059999,16.75,16.76,3815200,6.850657
2002-05-15,17.379999,17.59,16.68,16.75,9545600,6.846569
2002-05-14,16.85,16.98,16.370001,16.82,7490800,6.875181
2002-05-13,16.629999,17.10,16.379999,16.98,4644600,6.940581
2002-05-10,16.50,16.74,16.41,16.60,6542800,6.785257
2002-05-09,16.40,16.639999,16.200001,16.360001,5998000,6.687157
2002-05-08,16.43,16.549999,16.08,16.379999,8636800,6.695331
2002-05-07,15.65,16.190001,15.53,15.78,7103800,6.450081
2002-05-06,16.65,16.65,15.49,15.52,8780800,6.343806
2002-05-03,16.950001,17.27,16.51,16.780001,8385600,6.858832
2002-05-02,17.26,17.41,16.969999,17.389999,4315000,7.108169
2002-05-01,16.90,17.450001,16.65,17.41,4113800,7.116344
2002-04-30,17.15,17.290001,16.60,16.99,6507000,6.944669
2002-04-29,17.48,17.52,17.110001,17.18,4803600,7.022332
2002-04-26,17.73,18.219999,17.23,17.48,4341400,7.144957
2002-04-25,17.49,17.940001,17.290001,17.73,6562600,7.247144
2002-04-24,17.370001,17.73,17.110001,17.690001,4995200,7.230795
2002-04-23,17.52,17.879999,17.51,17.57,3888800,7.181744
2002-04-22,17.790001,18.00,17.50,17.60,4457200,7.194007
2002-04-19,17.620001,17.90,17.33,17.74,5110400,7.251232
2002-04-18,17.77,18.00,17.25,17.620001,7312800,7.202182
2002-04-17,17.67,18.209999,17.65,18.00,12411600,7.357507
2002-04-16,17.15,17.85,16.950001,17.469999,7410200,7.140869
2002-04-15,16.48,17.18,16.459999,17.10,6408000,6.989632
2002-04-12,16.92,17.09,16.26,16.379999,8532000,6.695331
2002-04-11,17.50,17.68,17.200001,17.27,9696800,7.059119
2002-04-10,17.50,17.82,17.200001,17.60,8264600,7.194007
2002-04-09,17.24,17.700001,16.83,17.610001,11988400,7.198095
2002-04-08,16.860001,17.34,16.700001,17.34,9106400,7.087732
2002-04-05,16.57,16.719999,16.389999,16.66,4243000,6.809781
2002-04-04,16.639999,17.10,16.469999,16.709999,6847600,6.830219
2002-04-03,16.889999,16.959999,16.469999,16.639999,5373000,6.801606
2002-04-02,16.620001,17.02,16.389999,17.02,7821800,6.956932
2002-04-01,17.17,17.200001,16.67,16.76,7080400,6.850657
2002-03-28,17.00,17.25,16.91,17.07,6824800,6.977369
2002-03-27,16.549999,17.16,16.549999,17.129999,10739000,7.001894
2002-03-26,16.00,16.459999,15.96,16.35,10125600,6.683069
2002-03-25,15.70,16.190001,15.56,16.00,5102200,6.540006
2002-03-22,16.09,16.10,15.69,15.70,7502600,6.417381
2002-03-21,16.57,16.65,16.059999,16.309999,6033400,6.666719
2002-03-20,16.969999,17.049999,16.57,16.67,7287000,6.813869
2002-03-19,16.860001,17.200001,16.75,16.92,8274600,6.916057
2002-03-18,16.969999,17.200001,16.110001,16.60,14533600,6.785257
2002-03-15,16.07,16.84,15.90,16.67,9337600,6.813869
2002-03-14,16.73,16.74,15.50,16.07,27275400,6.568619
2002-03-13,17.10,17.549999,16.75,16.75,16685200,6.846569
2002-03-12,16.549999,17.299999,16.540001,17.10,14504600,6.989632
2002-03-11,17.209999,17.68,16.620001,17.030001,8815600,6.961019
2002-03-08,17.379999,17.49,17.120001,17.25,9111200,7.050944
2002-03-07,17.49,17.549999,17.209999,17.379999,11598200,7.104081
2002-03-06,17.00,17.08,16.40,17.08,9615400,6.981457
2002-03-05,16.83,17.200001,16.809999,17.110001,7044000,6.993719
2002-03-04,16.959999,17.49,16.85,17.280001,11862200,7.063207
2002-03-01,16.66,17.09,16.10,16.90,10322800,6.907881
2002-02-28,16.48,16.879999,16.35,16.50,6664400,6.744381
2002-02-27,16.42,16.68,16.15,16.49,7780200,6.740294
2002-02-26,16.549999,16.690001,15.48,16.42,8019400,6.711681
2002-02-25,16.51,17.00,16.32,16.48,11063800,6.685112
2002-02-22,15.91,16.690001,15.87,16.49,13177400,6.689169
2002-02-21,15.75,16.15,15.74,15.79,11172400,6.405214
2002-02-20,15.90,15.94,15.40,15.70,7431600,6.368705
2002-02-19,16.00,16.120001,15.35,15.90,14574600,6.449835
2002-02-15,17.469999,18.00,16.25,16.27,52950400,6.599926
2002-02-14,15.06,15.25,14.60,14.66,8858000,5.946829
2002-02-13,14.68,15.04,14.45,14.96,13015800,6.068524
2002-02-12,14.98,15.10,14.51,14.56,14333600,5.906264
2002-02-11,14.50,15.55,14.31,15.03,28656200,6.09692
2002-02-08,13.19,14.49,13.10,13.95,18151000,5.658818
2002-02-07,13.01,13.50,12.85,13.09,10253200,5.309959
2002-02-06,13.47,13.73,12.92,13.01,12991600,5.277507
2002-02-05,13.52,13.75,13.00,13.44,11627000,5.451936
2002-02-04,14.00,14.30,13.53,13.56,11824600,5.500614
2002-02-01,14.05,14.14,13.55,13.90,11822800,5.638535
2002-01-31,13.60,14.18,13.58,13.75,14527600,5.577688
2002-01-30,13.25,14.00,12.26,13.39,24927000,5.431654
2002-01-29,13.73,14.09,13.20,14.04,20899000,5.695326
2002-01-28,14.48,14.78,13.23,13.49,25914000,5.472219
2002-01-25,13.27,14.70,13.20,14.34,51041000,5.817021
2002-01-24,11.34,13.52,11.26,13.43,66363000,5.44788
2002-01-23,10.40,11.00,10.36,10.80,17498000,4.38102
2002-01-22,10.32,10.47,10.12,10.25,9731000,4.157913
2002-01-18,10.20,10.21,9.95,10.06,14406000,4.080839
2002-01-17,10.35,10.55,10.08,10.22,13309600,4.145743
2002-01-16,10.30,10.69,10.10,10.25,23312600,4.157913
2002-01-15,11.00,11.14,10.31,10.67,20121800,4.328286
2002-01-14,10.96,11.40,10.76,10.77,14062200,4.368851
2002-01-11,11.50,11.50,10.95,10.95,15324000,4.441868
2002-01-10,12.28,12.40,11.52,11.55,25938400,4.685258
2002-01-09,11.05,12.38,11.00,12.13,60973400,4.920535
2002-01-08,11.49,11.49,10.80,10.99,21900200,4.458094
2002-01-07,10.30,11.50,10.30,11.03,35116400,4.47432
2002-01-04,10.85,10.90,8.60,10.22,104944600,4.145743
2002-01-03,12.20,12.25,10.86,10.91,54276600,4.425642
2002-01-02,13.05,13.07,12.03,12.27,21234400,4.977326
2001-12-31,13.17,13.17,13.02,13.10,20425800,5.314015
2001-12-28,13.08,13.36,13.06,13.19,17539600,5.350524
2001-12-27,13.00,13.13,12.80,12.98,15625800,5.265337
2001-12-26,13.40,13.40,12.90,12.95,16746400,5.253168
2001-12-24,13.23,13.67,13.08,13.34,8138200,5.411371
2001-12-21,13.07,13.20,12.93,13.00,12573200,5.27345
2001-12-20,12.82,13.11,12.80,12.82,12765000,5.200433
2001-12-19,12.63,13.28,12.61,12.93,16908200,5.245055
2001-12-18,12.88,13.09,12.51,12.83,14655200,5.20449
2001-12-17,12.99,12.99,12.20,12.83,18427400,5.20449
2001-12-14,13.26,13.35,12.82,12.99,17152200,5.269394
2001-12-13,13.25,13.75,12.89,13.36,20942400,5.419484
2001-12-12,13.70,13.82,12.96,13.27,36311200,5.382976
2001-12-11,14.10,14.55,13.55,14.00,49823400,5.6791
2001-12-10,13.75,14.72,13.20,14.00,124230400,5.6791
2001-12-07,20.84,20.84,10.94,12.00,153932600,4.8678
2001-12-06,22.00,22.040001,20.809999,20.85,15025400,8.457803
2001-12-05,22.40,22.780001,21.77,22.00,18855800,8.9243
2001-12-04,21.719999,21.91,20.90,21.90,15411800,8.883735
2001-12-03,21.18,22.389999,21.059999,22.059999,10367400,8.948639
2001-11-30,21.950001,21.969999,21.33,21.43,6859400,8.69308
2001-11-29,21.690001,21.790001,21.059999,21.700001,7440000,8.802606
2001-11-28,21.34,21.799999,20.50,21.309999,9644600,8.644402
2001-11-27,21.10,22.110001,20.959999,21.860001,15307200,8.86751
2001-11-26,21.450001,21.540001,21.02,21.09,10896000,8.504453
2001-11-23,21.00,21.700001,20.549999,21.48,4516000,8.661718
2001-11-21,21.75,21.790001,20.85,20.90,7760000,8.427836
2001-11-20,21.00,21.85,21.00,21.299999,11571200,8.589134
2001-11-19,20.309999,20.99,19.85,20.35,14378000,8.206051
2001-11-16,20.110001,20.50,19.99,20.26,15336600,8.169759
2001-11-15,21.25,21.299999,19.879999,20.049999,21546000,8.085077
2001-11-14,22.450001,22.459999,21.50,21.60,10721400,8.710108
2001-11-13,23.25,23.690001,22.370001,23.00,7879200,9.274652
2001-11-12,22.450001,22.870001,21.65,22.790001,7037400,9.189971
2001-11-09,23.50,23.700001,22.60,22.76,9558200,9.177873
2001-11-08,22.700001,23.60,22.26,22.719999,10685400,9.161743
2001-11-07,22.049999,22.49,21.309999,22.15,12862600,8.931893
2001-11-06,22.35,22.360001,20.940001,21.719999,14368400,8.758497
2001-11-05,23.700001,23.870001,22.50,22.59,10387000,9.109321
2001-11-02,24.35,24.379999,23.00,23.360001,7218800,9.419821
2001-11-01,24.85,24.90,23.60,23.98,13319600,9.669833
2001-10-31,26.299999,26.309999,24.51,24.690001,14892000,9.956138
2001-10-30,27.25,27.25,26.07,26.35,9596400,10.625526
2001-10-29,28.200001,28.58,27.59,27.799999,8481600,11.210231
2001-10-26,28.00,28.90,27.51,27.92,15553200,11.258621
2001-10-25,24.85,27.40,24.790001,27.35,10096600,11.028771
2001-10-24,24.049999,25.25,23.799999,24.950001,12459600,10.060982
2001-10-23,24.950001,25.860001,24.360001,24.860001,9044000,10.02469
2001-10-22,24.799999,24.98,24.15,24.549999,7201800,9.899683
2001-10-19,23.049999,24.120001,22.66,24.00,8895600,9.677898
2001-10-18,24.50,24.50,23.00,23.049999,11480400,9.294814
2001-10-17,25.25,25.559999,24.200001,24.360001,9068000,9.823067
2001-10-16,24.50,25.10,24.299999,24.870001,12203200,10.028722
2001-10-15,25.34,25.65,24.209999,24.57,5907400,9.907748
2001-10-12,25.50,26.200001,24.91,25.34,7960800,10.218247
2001-10-11,25.959999,26.690001,25.059999,25.74,8658800,10.379545
2001-10-10,24.549999,26.049999,24.299999,25.950001,8082000,10.464227
2001-10-09,24.200001,24.67,23.60,24.280001,6316800,9.790807
2001-10-08,23.379999,24.74,23.01,24.049999,9296800,9.69806
2001-10-05,24.110001,24.15,23.00,23.379999,8816600,9.427885
2001-10-04,22.450001,24.24,22.450001,23.75,13555800,9.577086
2001-10-03,21.299999,22.540001,20.540001,22.33,9241600,9.004478
2001-10-02,21.60,22.08,21.200001,21.42,7604600,8.637524
2001-10-01,22.25,22.25,21.209999,21.90,12487000,8.831082
2001-09-28,21.10,22.65,21.10,22.549999,14654200,9.093191
2001-09-27,19.75,20.93,19.559999,20.90,12675400,8.427836
2001-09-26,20.50,20.51,19.35,19.700001,18639000,7.943942
2001-09-25,21.299999,21.35,19.959999,20.059999,11797800,8.089109
2001-09-24,22.799999,22.950001,20.75,21.01,10482800,8.472193
2001-09-21,21.57,23.299999,20.209999,22.58,12272400,9.105289
2001-09-20,21.700001,22.719999,21.49,21.559999,11824800,8.693978
2001-09-19,24.700001,24.75,21.40,22.65,16987600,9.133516
2001-09-18,26.65,26.879999,24.43,24.50,8722800,9.879521
2001-09-17,29.40,29.700001,26.52,26.65,9754800,10.746499
2001-09-10,28.280001,29.16,28.16,28.73,4751400,11.58525
2001-09-07,29.00,29.15,28.209999,28.280001,5234000,11.40379
2001-09-06,28.700001,29.459999,28.67,29.209999,6204000,11.778808
2001-09-05,28.860001,29.290001,28.219999,29.01,6966800,11.698159
2001-09-04,28.00,29.35,27.940001,28.860001,8699800,11.637673
2001-08-31,27.98,28.40,27.76,27.860001,8665000,11.184021
2001-08-30,29.950001,30.33,27.889999,28.00,13136200,11.240222
2001-08-29,30.65,31.10,30.00,30.15,5299400,12.103311
2001-08-28,31.700001,31.700001,30.25,30.450001,6499200,12.223742
2001-08-27,31.33,31.84,31.08,31.299999,4062400,12.564962
2001-08-24,30.969999,31.290001,30.629999,31.08,5222800,12.476647
2001-08-23,31.690001,31.690001,30.65,30.84,5663600,12.380302
2001-08-22,32.50,32.990002,30.75,31.440001,9217800,12.621164
2001-08-21,32.049999,32.400002,31.450001,32.049999,5751200,12.86604
2001-08-20,31.799999,32.200001,31.299999,31.48,3527600,12.637221
2001-08-17,32.299999,32.400002,31.610001,31.92,3782400,12.813853
2001-08-16,33.00,33.099998,31.610001,32.299999,9947000,12.966399
2001-08-15,30.540001,33.139999,30.540001,32.84,10033800,13.183175
2001-08-14,30.799999,31.00,30.10,30.540001,15703600,12.259871
2001-08-13,31.75,31.959999,30.700001,30.799999,11173600,12.364244
2001-08-10,32.599998,32.830002,31.50,31.50,10808400,12.64525
2001-08-09,33.50,33.689999,31.90,32.00,11512800,12.845968
2001-08-08,35.360001,35.639999,33.18,33.50,5906400,13.448123
2001-08-07,35.450001,36.25,35.200001,35.360001,5003000,14.194795
2001-08-06,35.169998,35.84,34.799999,35.299999,3458400,14.170708
2001-08-03,35.490002,35.740002,35.00,35.16,4745400,14.114508
2001-08-02,35.099998,35.700001,34.310001,35.490002,6099400,14.246982
2001-08-01,35.84,36.490002,34.349998,34.450001,9389000,13.829488
2001-07-31,36.700001,36.790001,34.880001,35.009998,5802400,14.054291
2001-07-30,36.099998,36.59,35.650002,36.450001,7339200,14.632361
2001-07-27,35.509998,36.349998,34.52,36.099998,7064000,14.491857
2001-07-26,35.00,35.799999,34.200001,35.50,13316800,14.250996
2001-07-25,33.00,34.25,32.16,34.25,9073400,13.7492
2001-07-24,33.900002,33.900002,31.93,32.439999,5255000,13.0226
2001-07-23,33.900002,34.220001,32.84,33.639999,6472600,13.504324
2001-07-20,32.200001,33.75,32.00,33.740002,9883800,13.544468
2001-07-19,31.40,31.969999,30.809999,31.549999,8520000,12.665322
2001-07-18,30.02,31.50,29.24,31.01,13338800,12.448546
2001-07-17,31.10,31.75,29.870001,30.66,10119200,12.308043
2001-07-16,32.150002,32.799999,30.01,30.40,9211600,12.20367
2001-07-13,31.780001,33.110001,30.799999,32.150002,9926000,12.906184
2001-07-12,33.150002,33.75,31.50,31.77,11593800,12.753638
2001-07-11,33.040001,33.299999,31.200001,33.220001,12086200,13.335721
2001-07-10,32.400002,34.299999,32.400002,33.290001,10378400,13.363822
2001-07-09,33.50,33.50,31.99,32.799999,8232400,13.167117
2001-07-06,34.25,34.299999,32.700001,33.169998,11702800,13.315648
2001-07-05,34.049999,34.849998,33.799999,33.939999,14694000,13.624755
2001-07-03,34.599998,35.09,34.049999,34.049999,7950800,13.668913
2001-07-02,35.25,36.110001,34.150002,34.150002,11783000,13.709057
2001-06-29,36.049999,38.299999,35.200001,35.599998,15261000,14.291139
2001-06-28,38.650002,38.889999,36.50,37.169998,9478600,14.921394
2001-06-27,40.509998,40.52,38.540001,38.650002,7236600,15.515522
2001-06-26,39.59,41.34,39.59,41.130001,7513000,16.511084
2001-06-25,39.700001,40.169998,39.00,39.59,7371000,15.892871
2001-06-22,39.25,40.00,38.00,39.259998,10206200,15.760397
2001-06-21,41.650002,41.73,38.880001,39.240002,13509400,15.752369
2001-06-20,42.049999,43.400002,41.299999,41.50,5477200,16.659615
2001-06-19,42.50,42.849998,42.009998,42.580002,3690000,17.093167
2001-06-18,42.900002,43.549999,42.25,42.389999,3849600,17.016893
2001-06-15,42.650002,43.84,42.650002,43.119999,6772400,17.309942
2001-06-14,44.00,44.299999,43.099998,43.27,6606200,17.370158
2001-06-13,45.25,46.50,44.16,44.299999,7626200,17.783637
2001-06-12,44.299999,45.099998,44.099998,44.77,4127200,17.972313
2001-06-11,45.049999,45.380001,43.77,44.07,4663200,17.691307
2001-06-08,44.849998,44.860001,43.509998,44.799999,3005600,17.984355
2001-06-07,44.00,44.950001,43.66,44.419998,6997600,17.831809
2001-06-06,46.549999,46.549999,44.669998,45.00,6523400,18.064643
2001-06-05,47.099998,47.400002,46.25,47.400002,4766000,19.028091
2001-06-04,46.799999,47.900002,46.740002,47.509998,6071200,19.072248
2001-06-01,46.740002,46.939999,45.810001,46.119999,5591200,18.464072
2001-05-31,45.799999,46.869999,44.91,46.740002,7320600,18.712289
2001-05-30,47.00,47.240002,45.299999,45.970001,5739400,18.40402
2001-05-29,48.00,48.200001,46.759998,47.049999,4075600,18.836396
2001-05-25,46.599998,47.799999,46.599998,47.509998,4211000,19.020556
2001-05-24,46.650002,46.650002,45.560001,46.59,4970400,18.652236
2001-05-23,47.990002,47.990002,46.450001,46.619999,6695400,18.664246
2001-05-22,49.150002,49.150002,47.599998,47.990002,8038000,19.212724
2001-05-21,47.950001,49.25,47.650002,49.200001,7525000,19.697146
2001-05-18,47.549999,48.16,47.00,47.810001,7561000,19.140662
2001-05-17,45.41,47.450001,45.049999,47.310001,8096000,18.940487
2001-05-16,44.50,45.439999,44.00,45.41,8518800,18.179825
2001-05-15,44.00,45.400002,44.00,45.349998,7662800,18.155803
2001-05-14,42.889999,43.950001,42.419998,43.950001,6812000,17.595316
2001-05-11,42.549999,42.57,41.200001,41.790001,4326200,16.730564
2001-05-10,42.75,43.00,41.93,42.599998,4383200,17.054845
2001-05-09,41.799999,42.529999,41.549999,42.509998,6338800,17.018813
2001-05-08,41.09,41.419998,40.049999,41.23,4096400,16.506368
2001-05-07,42.299999,42.66,40.73,41.080002,3717800,16.446316
2001-05-04,40.98,42.790001,40.610001,41.759998,6489600,16.718552
2001-05-03,40.549999,41.049999,39.82,40.50,6948600,16.214114
2001-05-02,41.50,41.50,39.900002,40.299999,8663800,16.134044
2001-05-01,43.049999,43.349998,41.810001,42.459999,4464400,16.998796
2001-04-30,42.700001,43.50,42.32,43.209999,5587600,17.299058
2001-04-27,42.200001,42.599998,41.759998,42.110001,6896000,16.858675
2001-04-26,39.50,42.599998,39.50,42.130001,14455200,16.866682
2001-04-25,37.799999,38.849998,37.18,38.619999,3117200,15.461458
2001-04-24,38.049999,38.830002,37.099998,37.560001,4746600,15.03709
2001-04-23,37.279999,38.200001,37.200001,38.049999,4914000,15.23326
2001-04-20,36.099998,37.349998,35.50,37.029999,7522400,14.824904
2001-04-19,36.75,36.799999,35.00,35.23,5344800,14.104277
2001-04-18,36.900002,37.470001,35.599998,36.130001,7000400,14.464591
2001-04-17,36.299999,37.25,35.50,37.130001,5128000,14.86494
2001-04-16,35.00,36.360001,34.959999,36.299999,4471600,14.53265
2001-04-12,35.900002,36.389999,34.919998,35.040001,5043800,14.028211
2001-04-11,36.400002,36.740002,34.950001,35.18,5200200,14.08426
2001-04-10,35.98,36.75,34.93,36.400002,6498000,14.572685
2001-04-09,34.75,35.849998,34.50,35.389999,4402200,14.168333
2001-04-06,34.00,34.849998,32.900002,34.18,6480000,13.683911
2001-04-05,33.900002,34.50,32.57,34.25,7579600,13.711936
2001-04-04,32.599998,33.50,32.549999,32.889999,9784600,13.167461
2001-04-03,34.099998,34.50,32.200001,32.41,10228000,12.975294
2001-04-02,36.75,36.75,34.200001,34.200001,8014400,13.691918
2001-03-30,35.950001,37.220001,35.950001,36.75,7372600,14.712807
2001-03-29,36.32,36.32,35.130001,35.130001,6060400,14.064243
2001-03-28,37.450001,37.689999,36.599998,36.790001,5715200,14.728821
2001-03-27,39.380001,39.720001,37.50,38.00,6184400,15.213242
2001-03-26,39.099998,40.18,38.009998,38.970001,5329400,15.601581
2001-03-23,38.200001,39.349998,37.060001,38.849998,5971800,15.553538
2001-03-22,38.25,38.25,35.900002,37.860001,8991800,15.157194
2001-03-21,41.00,41.16,38.549999,38.790001,6641600,15.529518
2001-03-20,41.299999,42.259998,40.700001,41.099998,6290400,16.454322
2001-03-19,40.00,41.400002,39.700001,40.610001,6082000,16.258152
2001-03-16,39.599998,40.650002,39.00,39.099998,5755400,15.653625
2001-03-15,41.040001,41.25,39.900002,39.990002,6113600,16.009937
2001-03-14,41.189999,42.470001,40.369999,40.860001,7192400,16.358239
2001-03-13,43.07,43.240002,40.82,41.18,5633800,16.486351
2001-03-12,44.700001,44.959999,42.93,43.060001,5053000,17.239006
2001-03-09,45.169998,45.900002,43.939999,44.509998,5537800,17.81951
2001-03-08,44.75,45.200001,43.82,45.16,6202000,18.079737
2001-03-07,42.849998,44.950001,42.84,44.75,7932200,17.915595
2001-03-06,41.869999,42.939999,41.52,42.849998,4815200,17.154932
2001-03-05,41.700001,42.490002,40.75,42.119999,3246400,16.862678
2001-03-02,40.209999,41.459999,40.080002,41.32,4347600,16.542399
2001-03-01,39.950001,41.240002,39.82,40.209999,3407800,16.098012
2001-02-28,41.700001,41.790001,39.200001,39.82,4598000,15.941877
2001-02-27,41.400002,41.740002,41.00,41.450001,4725400,16.594445
2001-02-26,39.540001,41.50,39.200001,40.759998,5282600,16.26816
2001-02-23,40.299999,40.799999,38.610001,39.549999,3781600,15.785224
2001-02-22,42.299999,42.599998,39.779999,40.080002,5519400,15.996759
2001-02-21,41.610001,42.48,41.369999,41.50,4856800,16.56351
2001-02-20,42.00,42.900002,41.470001,41.689999,9272600,16.639342
2001-02-16,43.049999,43.099998,41.549999,41.900002,9356600,16.723159
2001-02-15,42.599998,42.849998,41.259998,41.529999,6354800,16.575483
2001-02-14,43.00,43.75,42.709999,43.139999,6659200,17.218068
2001-02-13,41.799999,43.299999,41.619999,43.25,6938000,17.261971
2001-02-12,42.25,42.650002,41.450001,42.650002,5976200,17.022499
2001-02-09,42.950001,43.599998,42.400002,42.470001,3630600,16.950657
2001-02-08,43.150002,43.439999,41.720001,42.799999,6566200,17.082366
2001-02-07,42.00,43.59,41.43,43.00,7126200,17.162191
2001-02-06,41.77,43.00,40.50,42.650002,5786800,17.022499
2001-02-05,40.700001,41.639999,40.50,41.099998,5043000,16.403861
2001-02-02,40.049999,41.139999,40.009998,40.110001,5423200,16.008732
2001-02-01,40.400002,40.529999,39.700001,40.200001,3668800,16.044653
2001-01-31,40.490002,41.50,39.950001,41.189999,5271200,16.439782
2001-01-30,39.91,40.689999,39.07,40.259998,3864400,16.068599
2001-01-29,40.400002,40.599998,39.82,39.900002,2925600,15.924917
2001-01-26,41.6875,42.1875,40.0625,40.75,5625800,16.264169
2001-01-25,40.00,41.8125,39.25,41.625,6602000,16.6134
2001-01-24,38.875,40.125,38.3125,39.8125,6639200,15.889994
2001-01-23,38.1875,39.00,37.3125,38.625,4915000,15.416038
2001-01-22,37.75,38.125,37.25,37.3125,3589400,14.892192
2001-01-19,37.5625,38.9375,36.6875,37.125,6532400,14.817357
2001-01-18,38.875,39.3125,36.5625,37.5625,6811000,14.991972
2001-01-17,39.875,39.875,38.625,39.00,6504000,15.565708
2001-01-16,40.00,40.6875,39.1875,40.5625,5759000,16.189334
2001-01-12,39.4375,40.125,39.4375,40.0625,5547400,15.989774
2001-01-11,39.50,40.25,39.0625,40.125,7804200,16.014719
2001-01-10,38.00,39.6875,38.00,39.3125,9012200,15.690433
2001-01-09,38.00,38.5625,37.1875,38.0625,7611400,15.191532
2001-01-08,36.875,37.1875,36.50,36.5625,6244000,14.592851
2001-01-05,36.375,36.9375,35.625,36.0625,5969600,14.393291
2001-01-04,35.875,36.375,34.8125,36.1875,9108400,14.443181
2001-01-03,37.4375,37.4375,36.00,36.3125,5978400,14.493071
2001-01-02,36.9375,37.75,36.5625,36.8125,4855600,14.692631
2000-12-29,37.25,37.3125,36.25,36.25,5622400,14.468126
2000-12-28,37.25,37.4375,36.5625,37.125,5959000,14.817357
2000-12-27,38.00,38.50,36.50,37.00,4703800,14.767467
2000-12-26,37.00,37.9375,36.50,37.625,7857000,15.016917
2000-12-22,37.625,37.6875,36.00,36.00,6005000,14.368346
2000-12-21,37.50,38.00,36.375,37.00,6160400,14.767467
2000-12-20,38.5625,38.9375,37.25,37.75,8828800,15.066807
2000-12-19,39.00,39.375,38.6875,39.0625,8361400,15.590653
2000-12-18,37.6875,39.0625,37.6875,38.75,8359200,15.465928
2000-12-15,36.9375,37.6875,36.75,37.25,5681000,14.867247
2000-12-14,37.375,38.3125,36.50,36.9375,5224200,14.742522
2000-12-13,38.0625,38.9375,36.8125,37.625,5656200,15.016917
2000-12-12,37.9375,38.4375,37.50,38.0625,3461400,15.191532
2000-12-11,37.3125,38.4375,37.125,37.9375,5433400,15.141642
2000-12-08,35.75,37.375,35.3125,36.75,4857000,14.667686
2000-12-07,34.75,36.25,34.5625,35.875,6315200,14.318456
2000-12-06,34.9375,35.625,34.5625,34.75,6802200,13.869445
2000-12-05,34.50,35.3125,33.875,34.6875,5573600,13.8445
2000-12-04,34.00,34.6875,33.75,34.1875,7558400,13.64494
2000-12-01,33.75,34.875,32.25,33.875,9488200,13.520214
2000-11-30,35.00,35.3125,33.0625,33.375,8874400,13.320654
2000-11-29,35.8125,35.875,33.875,34.75,8294400,13.869445
2000-11-28,37.00,37.375,35.75,35.8125,4922800,14.293511
2000-11-27,36.625,37.375,36.1875,36.6875,3260200,14.592851
2000-11-24,36.125,37.50,36.00,37.00,1840200,14.717151
2000-11-22,36.0625,36.1875,35.5625,35.875,4518200,14.26967
2000-11-21,36.625,37.125,36.25,36.3125,5991800,14.44369
2000-11-20,37.75,38.0625,36.375,36.50,6762600,14.518271
2000-11-17,38.0625,38.125,37.0625,37.1875,8633600,14.791731
2000-11-16,38.50,39.0625,37.9375,38.1875,6607000,15.189492
2000-11-15,38.0625,39.0625,38.0625,38.75,7074400,15.413232
2000-11-14,36.125,38.125,36.125,37.625,6131600,14.965752
2000-11-13,37.125,38.125,36.625,36.75,8474600,14.617711
2000-11-10,38.25,38.875,37.125,37.125,5421600,14.766871
2000-11-09,39.00,39.125,37.50,37.9375,7536000,15.090052
2000-11-08,39.125,39.125,38.00,38.50,6378400,15.313792
2000-11-07,39.0625,39.50,37.5625,38.00,7676400,15.114912
2000-11-06,37.6875,38.625,37.0625,38.25,7139000,15.214352
2000-11-03,37.75,38.6875,37.25,37.6875,6798200,14.990612
2000-11-02,38.375,38.4375,37.25,37.6875,6540600,14.990612
2000-11-01,37.50,38.8125,37.50,38.5625,11709200,15.338652
2000-10-31,36.9375,37.375,36.5625,37.0625,9691000,14.742011
2000-10-30,37.00,37.25,36.0625,36.75,11873000,14.617711
2000-10-27,37.1875,37.4375,36.375,37.00,11231200,14.717151
2000-10-26,37.875,38.00,36.0625,37.125,17802600,14.766871
2000-10-25,34.25,37.875,34.1875,37.0625,50690400,14.742011
2000-10-24,41.50,42.6875,40.75,41.625,12504400,16.556795
2000-10-23,43.125,43.3125,40.50,41.1875,10615200,16.382775
2000-10-20,42.8125,44.0625,42.1875,44.0625,6053400,17.526337
2000-10-19,42.75,44.125,42.25,42.8125,5610200,17.029136
2000-10-18,44.4375,44.4375,42.00,42.875,6307600,17.053996
2000-10-17,43.625,45.25,43.1875,43.375,5814400,17.252876
2000-10-16,45.25,45.25,42.75,43.1875,5857600,17.178296
2000-10-13,47.625,47.625,44.6875,45.25,6249200,17.998678
2000-10-12,46.6875,49.1875,46.6875,47.625,8757400,18.94336
2000-10-11,47.1875,47.75,45.3125,46.4375,4887200,18.471019
2000-10-10,45.75,47.25,45.50,46.00,5055600,18.296999
2000-10-09,44.75,45.9375,44.375,44.375,5943000,17.650637
2000-10-06,46.50,47.375,43.6875,43.9375,8716200,17.476617
2000-10-05,47.00,47.00,45.125,46.25,7580000,18.396439
2000-10-04,49.4375,49.4375,46.00,46.375,5443800,18.446159
2000-10-03,50.5625,50.75,49.375,49.625,3994400,19.738882
2000-10-02,49.9375,51.0625,48.0625,50.375,4641400,20.037202
2000-09-29,49.25,50.4375,48.6875,48.9375,4245600,19.465421
2000-09-28,49.1875,49.1875,48.00,48.640621,3623400,19.347334
2000-09-27,48.125,49.125,47.125,48.6875,5702400,19.365981
2000-09-26,47.75,48.125,47.125,48.00,3833000,19.09252
2000-09-25,46.8125,47.1875,44.9375,46.734379,10014600,18.589106
2000-09-22,47.75,48.875,46.375,47.046879,5172800,18.713406
2000-09-21,48.50,49.00,47.125,48.00,9834200,19.09252
2000-09-20,51.1875,51.8125,48.5625,48.625,7442200,19.341121
2000-09-19,51.00,51.4375,49.9375,50.5625,4164600,20.111782
2000-09-18,52.9375,53.0625,50.5625,51.015621,3387000,20.292016
2000-09-15,52.9375,53.4375,52.4375,52.6875,5253000,20.957024
2000-09-14,52.00,52.25,50.625,51.50,8556600,20.484683
2000-09-13,53.9375,53.9375,51.9375,51.9375,3613000,20.658704
2000-09-12,54.75,54.75,53.375,54.375,5068400,21.628246
2000-09-11,52.0625,54.75,52.0625,54.234379,6667800,21.572312
2000-09-08,52.75,52.875,51.1875,52.0625,3705200,20.708424
2000-09-07,53.9375,53.9375,52.75,53.4375,2936200,21.255345
2000-09-06,54.125,55.1875,53.50,54.6875,5642800,21.752546
2000-09-05,53.875,54.125,52.3125,53.625,3811400,21.329925
2000-09-01,52.875,53.875,52.75,53.640621,1677600,21.336138
2000-08-31,53.5625,53.8125,51.9375,53.015621,4009200,21.037819
2000-08-30,53.8125,54.3125,51.875,53.046879,5239000,21.050223
2000-08-29,53.625,54.5625,53.25,53.765621,5235000,21.335436
2000-08-28,52.875,54.5625,51.875,53.625,4337000,21.279634
2000-08-25,53.3125,53.3125,51.625,52.6875,3108000,20.907613
2000-08-24,53.875,53.875,52.8125,53.125,3233600,21.081223
2000-08-23,53.875,54.25,53.25,53.875,5797200,21.37884
2000-08-22,53.375,53.9375,52.375,53.3125,5384400,21.155627
2000-08-21,53.125,53.6875,52.00,53.4375,3675200,21.20523
2000-08-18,53.9375,53.9375,52.125,52.6875,5170800,20.907613
2000-08-17,54.25,54.75,52.9375,53.75,6307800,21.329237
2000-08-16,51.00,54.015621,50.625,54.015621,9355400,21.434642
2000-08-15,53.00,53.125,50.875,51.4375,4231200,20.411584
2000-08-14,51.25,52.8125,51.1875,52.25,5606800,20.734003
2000-08-11,52.00,52.00,50.50,51.00,4074000,20.237974
2000-08-10,52.4375,52.9375,51.8125,52.140621,6562200,20.690599
2000-08-09,51.00,52.9375,50.9375,52.625,16368800,20.882811
2000-08-08,48.75,49.9375,48.6875,49.796879,6499400,19.760548
2000-08-07,48.00,49.4375,47.8125,48.703121,4068800,19.32652
2000-08-04,47.375,49.1875,46.875,48.265621,5453800,19.15291
2000-08-03,47.9375,48.1875,46.5625,47.125,5453400,18.700285
2000-08-02,47.50,48.3125,47.375,47.5625,5528800,18.873895
2000-08-01,46.50,47.625,45.9375,46.8125,5314200,18.576278
2000-07-31,45.4375,46.125,44.5625,46.109379,4512800,18.297263
2000-07-28,45.375,46.50,44.50,45.453121,4396000,18.036845
2000-07-27,44.625,45.875,44.50,45.375,10345600,18.005844
2000-07-26,42.25,43.9375,41.875,43.5625,6199800,17.286603
2000-07-25,42.625,43.4375,42.00,42.25,6930400,16.765773
2000-07-24,42.625,43.25,41.1875,41.6875,5264200,16.54256
2000-07-21,45.00,45.1875,41.50,42.25,12768200,16.765773
2000-07-20,45.125,45.6875,44.875,45.125,4030400,17.906639
2000-07-19,44.875,45.75,44.3125,44.9375,3343000,17.832234
2000-07-18,43.875,45.0625,43.75,44.875,5843200,17.807433
2000-07-17,44.6875,44.75,42.8125,42.859379,5366400,17.007588
2000-07-14,45.0625,45.50,44.00,45.125,4630400,17.906639
2000-07-13,46.00,46.00,44.0625,45.3125,4990600,17.981043
2000-07-12,46.8125,46.875,45.3125,45.9375,7285600,18.229057
2000-07-11,43.75,46.9375,43.75,46.50,11754200,18.45227
2000-07-10,43.875,44.875,41.875,42.00,8191600,16.666567
2000-07-07,44.50,44.75,43.00,43.6875,4968000,17.336206
2000-07-06,45.00,46.125,44.25,44.50,5485200,17.658624
2000-07-05,46.25,46.25,44.0625,44.5625,5983400,17.683426
2000-07-03,46.75,47.4375,46.75,46.9375,963600,18.62588
2000-06-30,48.25,48.6875,46.75,47.1875,5088200,18.725086
2000-06-29,46.8125,48.9375,46.4375,48.4375,5534800,19.221115
2000-06-28,47.5625,47.5625,45.6875,46.234379,5090000,18.346866
2000-06-27,47.00,48.125,46.0625,47.6875,5793400,18.923498
2000-06-26,47.625,48.5625,46.6875,47.1875,4130800,18.725086
2000-06-23,48.00,49.25,47.50,47.5625,3438000,18.873895
2000-06-22,49.125,50.3125,47.0625,47.5625,5734400,18.873895
2000-06-21,47.6875,49.9375,47.4375,49.75,7361600,19.741945
2000-06-20,47.125,47.75,46.125,47.6875,5039200,18.923498
2000-06-19,49.00,49.00,46.625,48.00,3835000,19.047505
2000-06-16,48.00,49.50,47.8125,48.968761,4974000,19.431932
2000-06-15,47.6875,48.4375,45.50,46.50,4982400,18.45227
2000-06-14,48.4375,49.8125,47.3125,47.6875,3737600,18.923498
2000-06-13,48.3125,50.00,48.3125,48.4375,5964800,19.221115
2000-06-12,46.625,48.50,46.625,48.3125,4376200,19.171512
2000-06-09,46.875,46.875,45.3125,45.6875,5134000,18.129852
2000-06-08,47.25,48.25,46.625,46.625,6404200,18.501873
2000-06-07,48.6875,49.25,46.9375,47.50,4266800,18.849093
2000-06-06,46.25,49.00,45.9375,48.50,5618800,19.245916
2000-06-05,49.25,50.00,45.50,45.5625,6402600,18.080249
2000-06-02,50.00,50.00,47.3125,48.25,6312000,19.146711
2000-06-01,50.0625,51.1875,49.3125,50.75,5235600,20.138768
2000-05-31,49.75,51.75,49.625,50.9375,5252600,20.213173
2000-05-30,47.375,49.5625,47.125,49.00,5440600,19.444328
2000-05-26,48.875,49.1875,46.625,46.875,2180400,18.551476
2000-05-25,48.50,48.5625,46.125,48.3125,4213400,19.120388
2000-05-24,49.3125,49.6875,47.9375,48.50,4903200,19.194594
2000-05-23,47.625,48.875,46.875,48.75,4609800,19.293535
2000-05-22,49.75,50.00,40.125,47.375,5941800,18.749359
2000-05-19,50.00,50.9375,49.3125,50.875,5797200,20.134536
2000-05-18,50.75,50.875,49.00,49.625,8104000,19.63983
2000-05-17,51.00,52.25,50.25,51.00,8103400,20.184006
2000-05-16,51.8125,51.8125,49.5625,51.50,6955200,20.381889
2000-05-15,49.75,52.125,49.3125,51.5625,7906600,20.406624
2000-05-12,49.875,50.75,48.875,50.093761,7433600,19.825349
2000-05-11,49.1875,50.4375,48.9375,50.375,6565400,19.936653
2000-05-10,48.25,49.468761,47.8125,49.1875,6895000,19.466682
2000-05-09,48.125,48.9375,47.875,48.9375,5691800,19.367741
2000-05-08,47.125,48.9375,47.125,48.375,6446000,19.145124
2000-05-05,46.25,47.1875,45.4375,46.875,5838800,18.551476
2000-05-04,45.0625,47.00,45.0625,47.00,4925800,18.600947
2000-05-03,46.875,47.25,44.5625,45.25,6454200,17.908358
2000-05-02,44.75,47.50,44.625,47.375,8542000,18.749359
2000-05-01,44.0625,45.0625,43.0625,44.25,5129200,17.512594
2000-04-28,45.0625,45.4375,44.1875,44.1875,5453600,17.487858
2000-04-27,43.125,46.4375,42.50,45.50,12422400,18.0073
2000-04-26,41.75,43.625,40.4375,43.625,8123800,17.265241
2000-04-25,43.00,43.00,40.1875,41.4375,5953400,16.399505
2000-04-24,42.875,43.375,40.4375,41.625,4298200,16.473711
2000-04-20,41.5625,42.50,41.125,42.25,5003000,16.721064
2000-04-19,41.4375,42.50,40.0625,41.4375,5204000,16.399505
2000-04-18,39.00,42.00,38.375,41.6875,7238800,16.498446
2000-04-17,38.4375,38.875,37.50,38.4375,5687600,15.212211
2000-04-14,39.5625,41.00,38.375,38.875,5206400,15.385358
2000-04-13,40.5625,41.4375,39.25,39.3125,4435600,15.558505
2000-04-12,40.625,41.25,39.875,40.8125,4344000,16.152152
2000-04-11,39.00,40.375,38.3125,40.1875,4892200,15.904799
2000-04-10,39.625,39.625,38.1875,38.3125,6530400,15.16274
2000-04-07,40.1875,41.3125,39.3125,39.625,9264800,15.682181
2000-04-06,38.25,39.75,38.125,39.1875,6482600,15.509034
2000-04-05,40.1875,40.25,37.75,38.00,5415000,15.039063
2000-04-04,42.50,43.25,39.125,40.00,8347600,15.830593
2000-04-03,41.00,42.625,40.625,42.50,4905200,16.820005
2000-03-31,40.8125,41.4375,39.625,41.125,4997600,16.275829
2000-03-30,40.125,41.6875,39.5625,40.5625,8744600,16.053211
2000-03-29,37.25,40.4375,36.75,40.25,9889400,15.929534
2000-03-28,37.5625,39.375,37.00,37.6875,10352000,14.915387
2000-03-27,38.00,39.75,37.25,38.125,6980600,15.088534
2000-03-24,38.9375,40.125,38.25,39.00,7187200,15.434828
2000-03-23,38.375,38.75,37.25,37.875,8611200,14.989593
2000-03-22,38.25,39.50,37.75,38.6875,12027000,15.311152
2000-03-21,36.875,37.8125,36.5625,37.50,10294200,14.841181
2000-03-20,37.50,37.5625,35.875,36.1875,7736200,14.32174
2000-03-17,38.5625,39.00,37.8125,38.375,6463000,15.187475
2000-03-16,37.125,40.00,36.75,39.375,6056800,15.58324
2000-03-15,38.4375,39.125,37.00,37.875,3436600,14.989593
2000-03-14,38.5625,39.1875,37.0625,38.156239,5844800,15.100897
2000-03-13,38.375,41.4375,38.25,38.875,5174800,15.385358
2000-03-10,39.50,41.8125,39.3125,39.5625,4364800,15.657446
2000-03-09,40.875,40.9375,38.875,40.125,6077000,15.880064
2000-03-08,42.50,42.50,39.75,39.875,11930000,15.781123
2000-03-07,41.3125,45.50,41.3125,44.50,12973200,17.611535
2000-03-06,42.00,42.125,41.1875,41.25,5745400,16.325299
2000-03-03,42.1875,42.1875,39.25,40.875,7751400,16.176887
2000-03-02,40.8125,42.6875,40.4375,42.1875,9536200,16.696329
2000-03-01,38.1875,41.1875,37.5625,40.9375,9905200,16.201623
2000-02-29,35.375,38.4375,35.125,38.1875,7824200,15.113269
2000-02-28,33.8125,35.3125,33.50,35.00,5269400,13.802298
2000-02-25,35.4375,35.5625,33.4375,33.6875,7448000,13.284712
2000-02-24,34.50,36.5625,34.375,35.4375,6323200,13.974826
2000-02-23,35.25,35.6875,34.3125,34.3125,3688800,13.531181
2000-02-22,36.625,36.75,35.25,35.50,3786200,13.999473
2000-02-18,38.00,38.375,36.5625,36.6875,3593800,14.467766
2000-02-17,38.50,39.375,37.1875,38.50,5403000,15.182527
2000-02-16,39.00,39.75,38.625,39.125,7648400,15.428997
2000-02-15,36.00,38.5625,35.9375,38.50,7978600,15.182527
2000-02-14,34.75,36.25,33.6875,35.9375,6191200,14.172002
2000-02-11,35.875,35.9375,34.00,34.25,6207200,13.506534
2000-02-10,35.0625,36.00,34.9375,35.4375,7606400,13.974826
2000-02-09,36.625,37.375,34.625,35.50,6528800,13.999473
2000-02-08,38.375,38.375,36.4375,36.875,4559600,14.541707
2000-02-07,36.8125,38.25,36.5625,37.375,3883400,14.738882
2000-02-04,36.875,37.3125,36.3125,36.8125,4684200,14.51706
2000-02-03,37.375,37.5625,36.5625,37.375,4271800,14.738882
2000-02-02,37.25,37.375,36.25,37.125,6113400,14.640294
2000-02-01,36.3125,36.875,35.5625,36.375,5991200,14.344531
2000-01-31,35.875,36.50,35.50,36.125,5969400,14.245943
2000-01-28,36.75,37.625,35.25,35.8125,7333400,14.122708
2000-01-27,39.00,39.9375,36.625,37.50,6704000,14.788176
2000-01-26,41.00,41.875,38.4375,38.6875,8223000,15.256468
2000-01-25,39.9375,41.4375,39.125,40.00,5748000,15.774055
2000-01-24,42.375,43.50,39.3125,39.875,6052200,15.724761
2000-01-21,41.50,43.50,41.3125,42.375,6455600,16.710639
2000-01-20,42.1875,42.1875,40.8125,40.8125,9798000,16.094465
2000-01-19,41.6875,42.50,41.0625,42.1875,7712000,16.636698
2000-01-18,38.3125,42.25,38.25,41.6875,12708400,16.439522
2000-01-14,38.50,39.1875,37.4375,38.5625,7083000,15.207174
2000-01-13,38.3125,39.25,38.00,38.25,7705200,15.08394
2000-01-12,40.00,40.50,37.6875,37.75,5840600,14.886764
2000-01-11,39.4375,40.50,38.75,40.50,5752000,15.97123
2000-01-10,41.3125,41.3125,38.3125,39.0625,5440000,15.40435
2000-01-07,39.25,40.875,38.5625,40.6875,8737400,16.045171
2000-01-06,36.8125,38.50,36.8125,38.3125,8868600,15.108587
2000-01-05,37.50,37.9375,36.5625,36.8125,7524600,14.51706
2000-01-04,37.5625,39.00,37.5625,38.50,4968200,15.182527
2000-01-03,40.4375,40.4375,37.8125,38.3125,3490800,15.108587
1999-12-31,38.875,40.6875,38.8125,40.25,1611800,15.872642
1999-12-30,40.3125,40.3125,38.75,38.75,1546400,15.281115
1999-12-29,40.125,41.1875,40.00,40.25,2261600,15.872642
1999-12-28,39.9375,40.6875,39.625,39.875,2144600,15.724761
1999-12-27,39.9375,40.375,39.50,39.50,3972000,15.576879
1999-12-23,38.4375,39.625,37.8125,39.3125,3348200,15.502938
1999-12-22,37.4375,38.4375,36.75,38.3125,5102400,15.108587
1999-12-21,36.00,37.25,35.9375,37.1875,3731800,14.664941
1999-12-20,36.25,37.00,35.4375,36.015621,2617000,14.202809
1999-12-17,36.75,37.3125,36.1875,36.75,4522600,14.492413
1999-12-16,37.4375,38.25,36.8125,37.125,4402600,14.640294
1999-12-15,36.00,38.00,35.6875,36.9375,8457600,14.566353
1999-12-14,34.4375,35.75,34.3125,35.0625,5872200,13.826945
1999-12-13,35.6875,36.4375,34.3125,34.5625,4081200,13.629769
1999-12-10,36.00,36.125,34.75,34.9375,4536800,13.777651
1999-12-09,36.8125,37.25,35.25,36.125,6491200,14.245943
1999-12-08,35.00,37.5625,34.00,37.00,9769000,14.591
1999-12-07,36.875,37.5625,35.3125,35.5625,6368400,14.02412
1999-12-06,38.375,38.9375,36.875,37.0625,4869400,14.615647
1999-12-03,39.50,39.625,37.875,38.4375,3688000,15.157881
1999-12-02,40.125,40.875,38.75,39.593761,6226800,15.613854
1999-12-01,38.9375,41.1875,38.50,41.125,3888800,16.2177
1999-11-30,38.3125,39.50,38.00,38.625,4614000,15.231821
1999-11-29,39.5625,39.625,38.00,38.5625,3115600,15.207174
1999-11-26,40.8125,40.9375,39.9375,40.0625,1186400,15.749408
1999-11-24,41.4375,41.8125,40.50,41.0625,2982200,16.142529
1999-11-23,41.375,41.625,40.50,40.9375,3442800,16.093389
1999-11-22,42.6875,44.1875,41.25,41.3125,6159200,16.240809
1999-11-19,42.5625,43.4375,41.875,42.0625,4452600,16.53565
1999-11-18,44.125,44.125,42.50,42.8125,3993200,16.83049
1999-11-17,42.75,44.50,42.75,44.125,5644600,17.346462
1999-11-16,43.00,43.625,41.8125,42.5625,4774600,16.73221
1999-11-15,42.125,43.3125,41.625,43.00,4975600,16.904201
1999-11-12,38.9375,41.9375,38.5625,41.6875,4474000,16.388229
1999-11-11,39.875,40.3125,38.75,38.875,4272400,15.282577
1999-11-10,40.125,41.00,39.6875,39.875,4835800,15.675698
1999-11-09,38.75,39.6875,38.375,39.375,5023000,15.479137
1999-11-08,35.5625,37.75,35.125,37.75,3999800,14.840316
1999-11-05,37.1875,37.25,35.00,35.5625,5259600,13.980364
1999-11-04,37.5625,37.625,36.75,36.75,2665000,14.447195
1999-11-03,37.1875,38.0625,36.75,37.1875,5142000,14.619185
1999-11-02,38.50,38.50,37.0625,37.1875,3224400,14.619185
1999-11-01,38.25,38.8125,36.75,38.75,6332600,15.233437
1999-10-29,37.25,38.00,36.625,37.6875,5491800,14.815746
1999-10-28,37.25,37.75,36.3125,37.0625,6373400,14.570045
1999-10-27,38.25,39.3125,37.00,37.00,5709400,14.545475
1999-10-26,39.00,39.375,38.125,38.3125,5714400,15.061446
1999-10-25,39.00,39.25,38.4375,39.00,5254600,15.331717
1999-10-22,38.25,38.9375,38.25,38.625,4688800,15.184296
1999-10-21,35.75,37.50,35.75,37.25,4614600,14.643755
1999-10-20,34.6875,35.875,34.3125,35.75,5440400,14.054074
1999-10-19,34.00,35.1875,33.9375,34.4375,4070800,13.538103
1999-10-18,34.625,34.9375,33.3125,33.875,4942200,13.316972
1999-10-15,35.75,36.1875,34.5625,34.625,7646800,13.611813
1999-10-14,37.00,37.50,36.375,36.75,4416400,14.447195
1999-10-13,37.00,38.125,36.50,37.0625,6675200,14.570045
1999-10-12,37.4375,37.625,36.5625,36.6875,9406200,14.422625
1999-10-11,35.00,36.1875,34.75,36.1875,8577200,14.226064
1999-10-08,33.00,34.25,32.3125,34.125,10888000,13.415252
1999-10-07,35.4375,35.50,33.625,33.9375,9856200,13.341542
1999-10-06,35.1875,36.1875,34.5625,35.4375,21797800,13.931223
1999-10-05,36.125,37.00,33.125,34.50,29442400,13.562673
1999-10-04,41.8125,41.8125,39.75,39.75,3048000,15.626558
1999-10-01,41.00,42.5625,41.00,41.8125,3173600,16.437369
1999-09-30,41.00,41.50,39.8125,41.00,4608000,16.117959
1999-09-29,40.00,41.75,39.875,40.75,5873200,16.019678
1999-09-28,41.00,41.25,38.5625,39.0625,6290000,15.356287
1999-09-27,41.50,42.375,41.00,41.4375,4338200,16.289949
1999-09-24,41.625,42.0625,40.00,40.6875,6978000,15.995108
1999-09-23,44.00,44.25,42.00,42.125,4923000,16.56022
1999-09-22,42.9375,43.6875,41.75,42.75,7545000,16.80592
1999-09-21,44.625,44.875,42.00,42.50,11678400,16.70764
1999-09-20,47.50,47.9375,45.00,45.00,4446800,17.690443
1999-09-17,47.625,48.25,47.00,47.50,3555400,18.673245
1999-09-16,47.625,48.875,47.1875,47.5625,3804800,18.697815
1999-09-15,48.75,49.1875,47.375,47.375,6290000,18.624105
1999-09-14,49.9375,50.5625,48.00,49.0625,5100200,19.287496
1999-09-13,51.00,51.375,50.25,50.3125,4478800,19.778898
1999-09-10,50.00,51.4375,49.9375,51.4375,6998600,20.221159
1999-09-09,48.875,51.00,48.75,50.75,9410200,19.950888
1999-09-08,48.125,48.8125,47.625,47.875,4838200,18.820665
1999-09-07,46.125,48.50,46.125,48.3125,7017000,18.992656
1999-09-03,45.8125,46.1875,45.50,46.00,1850800,18.083563
1999-09-02,45.50,45.875,45.00,45.3125,2222000,17.813293
1999-09-01,46.4375,46.6875,45.1875,45.9375,3232000,18.058993
1999-08-31,44.50,46.9375,44.0625,46.375,3753800,18.230984
1999-08-30,45.3125,46.0625,44.25,44.625,2988800,17.493883
1999-08-27,45.25,46.3125,44.6875,45.4375,2591600,17.812399
1999-08-26,45.75,45.9375,44.0625,45.1875,7543200,17.714394
1999-08-25,47.4375,47.75,44.8125,45.00,6800600,17.64089
1999-08-24,47.875,47.875,46.0625,46.50,5484000,18.22892
1999-08-23,47.9375,48.50,47.125,48.00,4813400,18.816949
1999-08-20,48.375,49.00,47.75,48.00,3942000,18.816949
1999-08-19,47.3125,49.1875,47.125,48.375,5112800,18.963957
1999-08-18,48.75,49.25,47.375,47.5625,3692600,18.645441
1999-08-17,48.00,48.875,47.75,48.75,4752600,19.110964
1999-08-16,47.5625,48.125,47.0625,47.625,3125600,18.669942
1999-08-13,49.625,49.625,47.4375,47.9375,4320600,18.792448
1999-08-12,49.9375,50.25,49.0625,49.125,3282600,19.257972
1999-08-11,50.375,50.375,49.125,50.00,5497000,19.600989
1999-08-10,51.00,51.75,49.125,50.25,6936200,19.698994
1999-08-09,49.00,51.75,49.00,51.4375,7384600,20.164517
1999-08-06,50.625,50.625,49.0625,49.3125,5832600,19.331475
1999-08-05,47.50,50.875,47.1875,50.50,7760600,19.796999
1999-08-04,47.00,48.00,46.8125,47.75,5513400,18.718944
1999-08-03,45.875,46.8125,45.8125,46.8125,3238000,18.351426
1999-08-02,45.875,46.4375,45.4375,45.75,3626000,17.934905
1999-07-30,46.50,47.4375,45.9375,46.125,2616200,18.081912
1999-07-29,45.4375,46.8125,45.375,46.50,3880200,18.22892
1999-07-28,43.5625,45.875,43.25,45.4375,3985600,17.812399
1999-07-27,43.50,44.0625,43.3125,43.5625,2469200,17.077362
1999-07-26,43.5625,44.875,43.1875,43.3125,1982800,16.979357
1999-07-23,44.375,45.1875,43.875,44.0625,2838400,17.273371
1999-07-22,44.00,44.4375,42.875,44.00,2544600,17.24887
1999-07-21,43.3125,44.9375,42.5625,44.9375,3739000,17.616389
1999-07-20,45.50,45.50,43.3125,43.3125,2698800,16.979357
1999-07-19,46.375,46.50,45.5625,45.75,1828400,17.934905
1999-07-16,47.75,47.9375,46.50,46.50,2115800,18.22892
1999-07-15,47.4375,48.125,46.8125,47.5625,3603800,18.645441
1999-07-14,46.875,47.6875,46.3125,47.1875,3610000,18.498433
1999-07-13,46.375,47.00,45.5625,46.50,3896800,18.22892
1999-07-12,46.25,47.3125,45.50,47.25,2795200,18.522935
1999-07-09,45.25,46.50,45.125,45.9375,2625000,18.008409
1999-07-08,45.00,45.9375,44.8125,45.6875,3884400,17.910404
1999-07-07,45.4375,45.625,43.4375,44.125,3297200,17.297873
1999-07-06,45.25,46.25,45.0625,45.25,5683200,17.738895
1999-07-02,43.625,44.8125,43.625,44.50,2093800,17.44488
1999-07-01,45.75,45.75,43.50,43.75,4100200,17.150865
1999-06-30,44.1875,45.625,43.8125,45.25,5350200,17.738895
1999-06-29,41.875,43.4375,41.8125,43.375,3025000,17.003858
1999-06-28,40.50,42.6875,40.3125,41.625,4247800,16.317823
1999-06-25,41.125,41.8125,40.0625,40.375,4139200,15.827799
1999-06-24,42.1875,42.531239,40.6875,41.125,4619000,16.121813
1999-06-23,43.50,43.875,42.125,42.1875,6198400,16.538334
1999-06-22,42.9375,44.25,42.00,42.0625,4465600,16.489332
1999-06-21,45.9375,45.9375,43.6875,43.8125,2814600,17.175367
1999-06-18,47.9375,48.375,45.8125,45.875,5836600,17.983907
1999-06-17,45.9375,47.625,45.8125,47.625,4717600,18.669942
1999-06-16,48.00,48.00,45.50,45.6875,5222400,17.910404
1999-06-15,46.375,47.9375,46.0625,47.9375,5780000,18.792448
1999-06-14,45.875,46.6875,44.875,46.1875,7158200,18.106414
1999-06-11,44.00,46.125,43.8125,46.0625,5315000,18.057411
1999-06-10,43.25,44.3125,42.5625,43.875,2905200,17.199868
1999-06-09,43.00,43.50,41.9375,43.50,2918200,17.05286
1999-06-08,44.1875,44.875,42.6875,43.4375,3603600,17.028359
1999-06-07,42.00,44.6875,42.00,44.4375,4234600,17.420379
1999-06-04,43.125,43.50,41.75,43.00,2708400,16.85685
1999-06-03,43.25,43.6875,42.625,42.875,4254200,16.807848
1999-06-02,40.75,42.1875,40.75,41.50,3555000,16.268821
1999-06-01,41.25,41.25,39.1875,40.75,2660600,15.974806
1999-05-28,40.875,42.0625,40.8125,41.375,2429400,16.170815
1999-05-27,41.50,42.75,40.5625,41.3125,4243600,16.146388
1999-05-26,40.25,42.375,39.8125,42.00,4660800,16.415087
1999-05-25,39.5625,40.9375,39.1875,39.25,4141000,15.34029
1999-05-24,42.3125,42.875,39.875,39.875,3504400,15.584562
1999-05-21,40.9375,42.0625,40.75,41.75,4139200,16.317378
1999-05-20,39.25,40.9375,38.625,40.25,4039200,15.731125
1999-05-19,38.75,40.3125,38.50,39.00,4387800,15.242581
1999-05-18,40.125,40.3125,38.50,38.625,3633400,15.096017
1999-05-17,41.00,41.0625,39.875,40.625,2901600,15.877688
1999-05-14,42.375,42.6875,41.0625,41.125,3684800,16.073106
1999-05-13,41.50,42.4375,41.0625,41.8125,5630600,16.341805
1999-05-12,41.375,42.25,40.625,40.75,4305200,15.926543
1999-05-11,43.1875,43.1875,42.25,42.3125,3860600,16.537223
1999-05-10,43.25,44.4375,42.75,43.125,4968000,16.854777
1999-05-07,43.50,44.1875,42.75,43.625,3984400,17.050195
1999-05-06,44.00,44.125,43.125,43.50,4051200,17.00134
1999-05-05,43.00,44.875,42.3125,44.875,4746600,17.538739
1999-05-04,43.375,45.00,43.375,44.00,5607400,17.196758
1999-05-03,42.5625,45.125,41.6875,45.00,6156800,17.587593
1999-04-30,44.25,44.4375,42.0625,42.625,4221800,16.659359
1999-04-29,44.00,44.4375,41.6875,44.25,7784000,17.294467
1999-04-28,41.625,44.4375,41.3125,43.875,7566800,17.147903
1999-04-27,38.8125,40.9375,38.125,40.75,6783000,15.926543
1999-04-26,41.3125,41.3125,39.50,39.625,2909200,15.486853
1999-04-23,43.125,43.50,41.1875,41.1875,4189200,16.097533
1999-04-22,42.00,43.9375,41.50,43.875,5818600,17.147903
1999-04-21,41.25,42.9375,41.00,41.375,5410000,16.170815
1999-04-20,42.625,42.75,40.5625,41.125,5680800,16.073106
1999-04-19,42.25,45.625,42.00,42.875,12796800,16.757068
1999-04-16,38.625,41.875,38.4375,41.375,10886400,16.170815
1999-04-15,35.75,39.00,35.6875,37.6875,10533200,14.729609
1999-04-14,36.75,36.75,35.00,35.00,3466400,13.679239
1999-04-13,36.00,37.0625,35.75,36.75,2907600,14.363201
1999-04-12,36.5625,37.375,35.6875,35.75,3397200,13.972366
1999-04-09,36.875,37.50,36.25,36.9375,6919600,14.436483
1999-04-08,36.875,37.4375,36.3125,36.3125,4208000,14.192211
1999-04-07,36.9375,36.9375,35.625,36.50,4577000,14.265492
1999-04-06,37.25,38.00,36.8125,36.875,4088400,14.412056
1999-04-05,37.375,38.375,37.125,37.25,4921400,14.558619
1999-04-01,38.25,38.25,35.875,36.625,6628800,14.314347
1999-03-31,40.4375,40.50,38.125,38.50,5318200,15.047163
1999-03-30,41.1875,41.1875,39.6875,40.375,6388200,15.779979
1999-03-29,39.00,41.875,39.00,41.1875,9308200,16.097533
1999-03-26,38.4375,38.875,37.75,38.125,5075600,14.9006
1999-03-25,36.3125,37.6875,35.8125,37.50,4543400,14.656328
1999-03-24,37.6875,38.4375,36.625,36.75,4570400,14.363201
1999-03-23,38.125,38.125,37.3125,37.50,5139600,14.656328
1999-03-22,37.0625,38.5625,37.0625,38.25,4470600,14.949454
1999-03-19,37.375,37.5625,36.3125,36.875,5486400,14.412056
1999-03-18,37.75,38.00,36.75,37.375,8941000,14.607473
1999-03-17,35.625,37.1875,35.4375,37.125,8517800,14.509764
1999-03-16,35.5625,35.9375,33.9375,34.875,4081800,13.630385
1999-03-15,36.00,36.00,34.5625,35.8125,4250000,13.996793
1999-03-12,36.875,36.875,35.375,35.75,8959400,13.972366
1999-03-11,37.00,37.50,34.875,35.125,15522600,13.728094
1999-03-10,33.625,36.50,33.5625,36.4375,18140600,14.241065
1999-03-09,32.125,32.75,31.5625,32.25,5995000,12.604442
1999-03-08,33.00,33.625,32.50,32.625,5741600,12.751005
1999-03-05,32.875,33.3125,31.75,32.25,7264800,12.604442
1999-03-04,30.75,32.50,30.125,32.0625,10292600,12.53116
1999-03-03,28.9375,30.625,28.9375,30.421881,8018400,11.889948
1999-03-02,28.50,29.00,28.375,28.6875,2240000,11.212091
1999-03-01,28.50,28.875,28.125,28.4375,2716200,11.065527
1999-02-26,28.75,29.1875,28.1875,28.50,4164600,11.089847
1999-02-25,28.1875,29.1875,28.125,28.9375,5850200,11.260086
1999-02-24,29.125,29.25,28.1875,28.25,5588600,10.992568
1999-02-23,29.1875,29.6875,28.625,29.0625,4933800,11.308726
1999-02-22,28.9375,29.25,28.6875,28.9375,3281200,11.260086
1999-02-19,29.625,29.6875,28.625,28.875,3792200,11.235766
1999-02-18,29.5625,30.25,28.6875,29.9375,5130400,11.649204
1999-02-17,29.3125,29.875,28.9375,29.0625,3505800,11.308726
1999-02-16,30.50,31.125,29.75,30.25,3555400,11.770803
1999-02-12,31.5625,31.875,30.1875,30.3125,2825000,11.795123
1999-02-11,30.0625,31.4375,30.00,31.3125,2660600,12.18424
1999-02-10,30.25,30.6875,29.9375,30.0625,3228800,11.697843
1999-02-09,31.625,31.75,30.50,30.50,3030600,11.868082
1999-02-08,31.25,31.8125,30.6875,31.8125,5209600,12.378799
1999-02-05,30.125,31.25,29.9375,31.00,5518800,12.062641
1999-02-04,30.75,30.75,29.875,30.00,4835800,11.673523
1999-02-03,28.75,30.8125,28.625,30.75,8868400,11.965362
1999-02-02,28.50,29.375,28.1875,28.75,8199000,11.187127
1999-02-01,29.25,30.1875,28.25,28.50,6596200,11.089847
1999-01-29,29.0625,29.75,28.5625,29.6875,4575600,11.551924
1999-01-28,29.0625,29.75,28.9375,29.0625,4433800,11.308726
1999-01-27,29.875,30.4375,29.3125,29.3125,4377200,11.406005
1999-01-26,30.50,30.50,29.25,30.3125,6977000,11.795123
1999-01-25,32.25,32.25,30.4375,30.50,3888200,11.868082
1999-01-22,31.75,32.50,31.50,32.00,5302800,12.451758
1999-01-21,30.5625,32.125,30.5625,31.625,5985000,12.305839
1999-01-20,32.00,32.25,30.00,30.8125,8206400,11.989681
1999-01-19,32.00,32.4375,31.3125,32.00,4046600,12.451758
1999-01-15,31.25,31.6875,31.125,31.5625,3552000,12.28152
1999-01-14,31.3125,31.875,30.875,31.0625,5814800,12.086961
1999-01-13,32.0625,32.125,30.625,30.8125,9835200,11.989681
1999-01-12,34.125,34.6875,32.9375,33.25,6175200,12.938155
1999-01-11,35.00,35.375,34.125,34.125,9210200,13.278633
1999-01-08,35.50,35.875,34.25,34.375,12398400,13.375912
1999-01-07,31.50,35.50,31.50,35.50,14667400,13.813669
1999-01-06,31.25,32.875,31.0625,32.6875,11405200,12.719277
1999-01-05,30.125,30.875,29.875,30.375,5621800,11.819443
1999-01-04,30.25,30.6875,29.8125,30.1875,9215000,11.746483
1998-12-31,29.25,30.1875,29.125,29.625,14668600,11.527604
1998-12-30,30.5625,30.5625,29.00,29.375,7567600,11.430325
1998-12-29,30.125,30.6875,29.4375,30.375,16311600,11.819443
1998-12-28,32.625,33.25,32.00,32.9375,3307200,12.816556
1998-12-24,33.125,33.3125,32.1875,33.00,1918600,12.840876
1998-12-23,30.875,33.1875,30.8125,33.125,5955800,12.889516
1998-12-22,30.6875,32.4375,30.625,30.625,6469200,11.916722
1998-12-21,31.6875,31.875,30.50,31.00,5066600,12.062641
1998-12-18,31.75,32.1875,31.0625,31.8125,5419200,12.378799
1998-12-17,33.0625,33.125,31.4375,31.75,6333600,12.354479
1998-12-16,32.125,34.25,32.125,33.625,9351000,13.084074
1998-12-15,32.125,32.75,31.00,31.50,7458600,12.2572
1998-12-14,30.375,32.6875,30.3125,32.25,6735400,12.549038
1998-12-11,31.1875,31.3125,30.3125,30.75,3838800,11.965362
1998-12-10,31.625,32.4375,30.75,31.1875,6022200,12.1356
1998-12-09,32.4375,32.4375,30.75,31.8125,5204800,12.378799
1998-12-08,31.625,32.1875,30.875,31.5625,10363000,12.28152
1998-12-07,29.6875,31.625,29.00,31.625,7877000,12.305839
1998-12-04,28.875,29.75,28.00,29.6875,6362600,11.551924
1998-12-03,28.75,30.375,28.1875,28.3125,9065200,11.016888
1998-12-02,27.875,28.3125,27.0625,28.00,7908600,10.895289
1998-12-01,28.75,29.125,27.50,27.625,11488800,10.74937
1998-11-30,30.00,30.375,28.5625,29.375,12048800,11.430325
1998-11-27,32.00,32.00,30.875,31.125,4069200,12.111281
1998-11-25,32.9375,33.1875,31.875,32.0625,4725800,12.427439
1998-11-24,32.50,33.25,31.25,32.5625,7964000,12.621239
1998-11-23,33.00,33.125,31.25,32.6875,7497600,12.669689
1998-11-20,32.25,34.1875,32.1875,33.0625,6597000,12.815039
1998-11-19,32.25,32.50,31.75,32.00,3288600,12.403214
1998-11-18,32.4375,32.50,30.625,31.75,5614200,12.306313
1998-11-17,31.875,32.875,31.25,32.1875,4252400,12.475889
1998-11-16,32.25,32.3125,31.125,31.3125,5160000,12.136738
1998-11-13,33.25,33.875,32.1875,32.3125,5287000,12.524339
1998-11-12,33.3125,34.50,32.1875,32.75,7518400,12.693914
1998-11-11,34.4375,34.75,32.3125,33.0625,5735200,12.815039
1998-11-10,35.50,35.625,33.875,33.875,5603200,13.129964
1998-11-09,38.4375,39.50,36.00,36.1875,4971800,14.02629
1998-11-06,38.25,39.4375,37.8125,38.50,4294000,14.922616
1998-11-05,37.1875,38.375,36.75,38.375,3186800,14.874166
1998-11-04,37.875,38.6875,37.3125,37.4375,3561800,14.510791
1998-11-03,38.625,38.75,37.25,37.8125,3959000,14.656141
1998-11-02,36.75,38.9375,36.6875,38.5625,7628400,14.946841
1998-10-30,36.50,36.75,34.625,36.00,7551000,13.953615
1998-10-29,36.875,37.125,35.00,35.75,3547800,13.856715
1998-10-28,36.00,36.625,34.6875,36.00,5250600,13.953615
1998-10-27,36.50,37.75,36.375,36.5625,6025800,14.17164
1998-10-26,35.75,37.00,35.0625,36.4375,4834800,14.12319
1998-10-23,35.125,36.125,34.875,35.125,5599800,13.614465
1998-10-22,34.50,36.50,34.375,36.375,7156200,14.098965
1998-10-21,33.25,34.625,33.00,34.50,7917600,13.372215
1998-10-20,33.75,33.75,32.3125,32.75,7087600,12.693914
1998-10-19,33.00,33.9375,32.6875,33.75,10535600,13.081514
1998-10-16,30.125,34.00,30.125,34.00,17052000,13.178414
1998-10-15,28.50,30.00,28.375,29.9375,9432600,11.603788
1998-10-14,28.75,29.00,28.125,28.3125,6511600,10.973937
1998-10-13,28.50,29.00,27.625,28.1875,6698400,10.925487
1998-10-12,28.6875,29.375,28.0625,28.50,6361800,11.046612
1998-10-09,26.50,27.75,26.0625,27.125,2787200,10.513661
1998-10-08,25.8125,26.5625,25.00,26.1875,5576600,10.150286
1998-10-07,28.00,28.1875,26.00,26.1875,4135400,10.150286
1998-10-06,28.625,29.00,27.00,27.6875,6591400,10.731687
1998-10-05,29.25,29.25,27.3125,27.5625,4988600,10.683237
1998-10-02,28.00,28.50,27.1875,28.50,6371600,11.046612
1998-10-01,28.50,29.4375,27.5625,27.75,7900600,10.755912
1998-09-30,30.0625,30.4375,28.5625,28.75,6456600,11.143512
1998-09-29,29.875,30.50,29.5625,30.50,4629600,11.821813
1998-09-28,29.4375,30.125,29.0625,29.4375,3439200,11.409987
1998-09-25,28.75,29.4375,28.0625,28.875,8313200,11.191962
1998-09-24,30.00,30.00,28.50,28.625,7843600,11.095062
1998-09-23,31.25,32.875,30.00,31.25,10761600,12.112513
1998-09-22,31.50,31.50,29.75,30.50,2943800,11.821813
1998-09-21,31.25,32.00,30.5625,31.625,3113800,12.257863
1998-09-18,31.875,32.25,31.50,31.75,4153800,12.306313
1998-09-17,32.125,33.25,31.75,32.4375,3799800,12.572789
1998-09-16,32.875,34.0625,32.875,33.4375,3934800,12.960389
1998-09-15,33.25,33.625,32.4375,32.875,2499600,12.742364
1998-09-14,33.0625,34.6875,33.0625,33.8125,5073000,13.105739
1998-09-11,30.50,33.625,30.125,32.8125,6561600,12.718139
1998-09-10,28.50,30.5625,28.25,30.3125,8855600,11.749138
1998-09-09,29.25,29.5625,28.3125,28.50,3898000,11.046612
1998-09-08,31.00,31.00,28.375,29.0625,4890200,11.264637
1998-09-04,28.6875,29.75,27.8125,29.25,6780800,11.337312
1998-09-03,26.00,27.9375,25.50,27.875,9259600,10.804362
1998-09-02,27.0625,28.375,26.5625,26.625,8417000,10.319861
1998-09-01,27.50,27.625,26.00,27.25,6165000,10.562111
1998-08-31,29.9375,30.00,26.00,26.5625,7159000,10.247186
1998-08-28,30.25,30.375,29.0625,29.50,5821800,11.380405
1998-08-27,30.5625,30.5625,29.0625,29.75,7503200,11.476849
1998-08-26,31.25,31.5625,29.9375,30.9375,5944200,11.934958
1998-08-25,32.125,32.6875,31.375,31.6875,3815800,12.224291
1998-08-24,31.8125,32.3125,31.3125,31.8125,2885800,12.272513
1998-08-21,31.75,32.25,30.375,32.00,4802200,12.344846
1998-08-20,31.9375,32.50,30.6875,31.75,7319200,12.248402
1998-08-19,30.50,32.3125,30.25,31.875,6273600,12.296624
1998-08-18,28.8125,29.6875,28.25,29.25,5477400,11.283961
1998-08-17,29.50,29.5625,28.1875,28.75,4153800,11.091072
1998-08-14,31.375,31.625,29.75,30.00,2863200,11.573293
1998-08-13,31.625,32.4375,31.0625,31.125,3520200,12.007291
1998-08-12,30.75,31.5625,30.25,31.5625,4014400,12.176069
1998-08-11,31.00,31.00,29.3125,29.9375,8657200,11.549182
1998-08-10,33.5625,33.5625,31.25,31.375,3305800,12.103736
1998-08-07,33.1875,34.3125,32.875,33.50,7069400,12.92351
1998-08-06,32.00,33.0625,31.1875,32.625,6446800,12.585956
1998-08-05,33.00,33.50,30.6875,32.00,7889000,12.344846
1998-08-04,35.875,36.1875,32.375,32.6875,5641200,12.610067
1998-08-03,36.50,37.00,35.1875,35.625,3700200,13.743285
1998-07-31,37.3125,37.3125,36.125,36.25,2325600,13.984396
1998-07-30,36.50,37.8125,36.50,37.125,4026200,14.32195
1998-07-29,36.50,36.5625,35.625,36.375,2078000,14.032618
1998-07-28,36.75,37.25,35.9375,36.3125,2943400,14.008507
1998-07-27,36.00,37.3125,35.25,37.0625,6347400,14.297839
1998-07-24,37.75,37.9375,35.8125,36.25,5453600,13.984396
1998-07-23,40.75,40.875,37.4375,37.875,7633400,14.611282
1998-07-22,40.5625,41.3125,39.3125,40.875,4813600,15.768612
1998-07-21,40.875,41.8125,40.125,40.3125,3865000,15.551612
1998-07-20,41.375,41.625,40.9375,41.125,2263200,15.865056
1998-07-17,42.9375,43.1875,41.875,42.00,3840600,16.20261
1998-07-16,42.4375,43.25,41.8125,42.5625,3157400,16.419609
1998-07-15,41.5625,42.6875,41.5625,42.375,5175200,16.347276
1998-07-14,40.75,41.9375,40.625,41.0625,6953400,15.840945
1998-07-13,42.375,42.8125,40.625,41.00,6231800,15.816834
1998-07-10,42.625,42.9375,42.0625,42.25,2276200,16.299054
1998-07-09,43.25,43.50,42.25,42.4375,3004200,16.371387
1998-07-08,42.75,43.9375,42.75,43.25,5268800,16.684831
1998-07-07,43.625,43.625,42.25,42.4375,3437400,16.371387
1998-07-06,45.25,45.3125,43.5625,43.5625,2835400,16.805386
1998-07-02,44.625,45.6875,44.25,45.00,5621600,17.359939
1998-07-01,44.50,45.3125,43.6875,44.50,3197800,17.167051
1998-06-30,44.4375,44.875,43.8125,44.4375,3209600,17.14294
1998-06-29,43.6875,44.125,43.125,44.00,2422400,16.974163
1998-06-26,44.50,44.625,41.875,43.25,5105000,16.684831
1998-06-25,45.00,45.25,43.9375,44.3125,4015200,17.094718
1998-06-24,46.00,46.125,44.6875,45.00,4274200,17.359939
1998-06-23,44.50,45.4375,44.125,45.00,4101200,17.359939
1998-06-22,42.75,44.50,42.75,43.875,3851600,16.925941
1998-06-19,42.50,42.875,42.125,42.50,3272200,16.395498
1998-06-18,43.625,43.9375,42.1875,42.375,3998800,16.347276
1998-06-17,43.9375,44.5625,43.5625,43.75,3821000,16.877719
1998-06-16,42.125,43.5625,42.125,43.1875,4339000,16.66072
1998-06-15,43.1875,43.25,41.875,42.0625,3972800,16.226721
1998-06-12,42.1875,44.00,42.00,43.875,7521800,16.925941
1998-06-11,44.50,44.50,41.75,42.25,11076200,16.299054
1998-06-10,46.0625,46.125,44.625,44.6875,4187600,17.239384
1998-06-09,46.0625,46.75,45.6875,46.0625,2653200,17.769827
1998-06-08,47.125,47.3125,45.875,46.75,4495000,18.035048
1998-06-05,46.50,47.00,46.0625,46.875,3654600,18.08327
1998-06-04,44.75,46.125,44.75,45.8125,4994600,17.673383
1998-06-03,45.0625,45.375,44.125,44.25,4434800,17.070607
1998-06-02,45.50,46.1875,44.8125,45.00,6278600,17.359939
1998-06-01,47.125,47.1875,45.5625,45.75,4418000,17.649272
1998-05-29,47.25,48.5625,47.25,47.50,6991400,18.276158
1998-05-28,48.5625,48.5625,46.75,48.00,5502600,18.468538
1998-05-27,49.00,49.00,47.0625,48.5625,3380600,18.684966
1998-05-26,50.25,50.25,48.3125,49.25,4106200,18.94949
1998-05-22,49.875,49.9375,48.875,49.3125,1947200,18.973537
1998-05-21,50.00,50.8125,49.4375,49.625,3303000,19.093775
1998-05-20,50.75,51.1875,49.50,49.9375,3015000,19.214013
1998-05-19,50.625,51.25,49.75,50.4375,3996400,19.406394
1998-05-18,50.875,50.875,49.50,50.125,2893200,19.286156
1998-05-15,52.00,52.125,50.125,50.50,3706600,19.430441
1998-05-14,52.25,52.4375,51.5625,51.875,2238800,19.959488
1998-05-13,52.00,52.75,51.75,51.875,3877800,19.959488
1998-05-12,52.375,52.75,51.8125,52.00,4409600,20.007583
1998-05-11,53.875,54.5625,52.125,52.50,5649400,20.199964
1998-05-08,54.3125,54.75,53.5625,54.0625,2560200,20.801153
1998-05-07,55.0625,55.125,54.125,54.125,2088600,20.825201
1998-05-06,56.25,56.25,55.25,55.25,3013400,21.258057
1998-05-05,56.125,56.5625,55.375,56.00,4294600,21.546628
1998-05-04,56.50,56.50,55.375,55.875,3251400,21.498533
1998-05-01,54.375,57.25,54.3125,57.00,7003400,21.931389
1998-04-30,55.8125,55.8125,54.00,54.75,7685400,21.065676
1998-04-29,51.9375,55.50,51.9375,55.00,7626400,21.161867
1998-04-28,52.875,52.875,51.875,52.375,3675000,20.151869
1998-04-27,51.875,52.625,50.8125,52.3125,3875600,20.127821
1998-04-24,53.375,53.375,52.25,52.3125,2579400,20.127821
1998-04-23,53.3125,53.8125,52.3125,52.9375,3807000,20.368297
1998-04-22,52.75,53.5625,52.3125,53.3125,6403400,20.512582
1998-04-21,50.6875,52.50,50.1875,52.3125,3791600,20.127821
1998-04-20,51.00,52.125,50.375,50.6875,4545800,19.502584
1998-04-17,50.375,51.00,50.25,50.9375,3732600,19.598774
1998-04-16,51.75,52.125,50.00,50.50,3822800,19.430441
1998-04-15,49.875,51.75,49.5625,51.50,4689600,19.815203
1998-04-14,49.50,50.00,48.75,49.375,3743800,18.997585
1998-04-13,49.375,50.25,49.00,49.00,2830600,18.853299
1998-04-09,50.75,51.00,49.8125,49.875,1788400,19.189966
1998-04-08,50.3125,51.125,49.375,50.4375,3565400,19.406394
1998-04-07,51.6875,51.6875,49.75,50.375,3108000,19.382346
1998-04-06,51.8125,52.25,51.25,51.9375,3191000,19.983536
1998-04-03,52.75,52.75,51.8125,52.0625,3485600,20.031631
1998-04-02,52.1875,52.1875,50.8125,51.875,3516200,19.959488
1998-04-01,50.75,52.4375,50.3125,52.1875,5971600,20.079726
1998-03-31,50.6875,50.6875,49.75,50.125,3524800,19.286156
1998-03-30,52.3125,52.6875,50.375,50.75,4493800,19.526632
1998-03-27,52.625,53.125,51.5625,52.25,3602200,20.103773
1998-03-26,51.4375,52.5625,51.00,52.4375,6053000,20.175916
1998-03-25,51.00,51.6875,50.75,51.50,5912400,19.815203
1998-03-24,51.75,51.75,50.625,50.75,6230000,19.526632
1998-03-23,53.875,53.875,51.50,51.75,16355000,19.911393
1998-03-20,45.8125,49.00,45.75,48.125,10558800,18.516633
1998-03-19,45.50,45.875,44.50,45.75,7374800,17.602826
1998-03-18,43.375,45.00,43.3125,44.9375,8885600,17.290207
1998-03-17,44.50,44.875,42.00,43.1875,10857000,16.616875
1998-03-16,45.875,45.875,44.4375,44.4375,4025000,17.097826
1998-03-13,45.875,46.4375,45.1875,45.625,3289400,17.55473
1998-03-12,45.75,46.3125,45.00,45.875,5947200,17.650921
1998-03-11,47.25,47.9375,46.50,46.75,4157200,17.987587
1998-03-10,46.00,47.0625,45.5625,47.00,4406200,18.083777
1998-03-09,47.50,47.8125,45.625,46.00,5861000,17.699016
1998-03-06,49.00,49.4375,47.8125,48.125,7986000,18.516633
1998-03-05,48.50,49.50,48.00,49.00,4363200,18.853299
1998-03-04,50.50,51.0625,48.4375,48.5625,11740400,18.684966
1998-03-03,48.00,50.125,47.4375,50.00,8687400,19.238061
1998-03-02,46.75,47.75,46.3125,47.75,7263400,18.372348
1998-02-27,47.00,47.25,46.25,46.5625,6914000,17.86735
1998-02-26,45.875,48.75,45.8125,46.50,20630200,17.843367
1998-02-25,43.375,44.625,43.25,44.00,4822200,16.884046
1998-02-24,43.4375,44.00,42.25,42.9375,3512600,16.476335
1998-02-23,44.375,44.375,42.625,43.50,5046800,16.692182
1998-02-20,45.1875,45.4375,44.1875,44.875,4912800,17.219809
1998-02-19,46.00,46.4375,44.875,45.00,10707200,17.267775
1998-02-18,45.75,46.50,44.875,46.25,7318200,17.747435
1998-02-17,47.50,47.875,44.6875,45.50,4093000,17.459639
1998-02-13,47.00,48.00,46.8125,47.75,2395000,18.323028
1998-02-12,47.125,47.25,45.875,46.6875,2647800,17.915316
1998-02-11,48.50,48.75,47.5625,47.875,2621400,18.370994
1998-02-10,47.25,48.25,47.25,47.875,2006800,18.370994
1998-02-09,48.50,49.50,46.625,47.00,3410400,18.035231
1998-02-06,48.9375,49.125,47.75,48.1875,3034400,18.490909
1998-02-05,48.50,49.6875,48.3125,48.6875,6494000,18.682773
1998-02-04,44.50,48.00,44.4375,47.75,6992800,18.323028
1998-02-03,44.25,45.1875,43.9375,44.50,3640000,17.07591
1998-02-02,45.375,45.625,43.75,44.375,4791000,17.027944
1998-01-30,47.00,47.25,44.75,44.9375,3916600,17.243792
1998-01-29,46.00,48.00,46.00,47.25,4366800,18.131163
1998-01-28,44.00,45.8125,43.75,45.4375,4784200,17.435656
1998-01-27,43.75,44.8125,43.25,43.375,4068200,16.644216
1998-01-26,44.00,44.5625,42.75,44.00,5453400,16.884046
1998-01-23,44.375,45.125,42.8125,43.0625,5937200,16.524301
1998-01-22,44.625,45.375,42.625,43.50,8261600,16.692182
1998-01-21,48.50,48.50,46.625,48.125,3014800,18.466926
1998-01-20,47.25,48.8125,47.00,48.50,4157800,18.610824
1998-01-16,45.25,46.75,45.0625,46.50,3456200,17.843367
1998-01-15,45.9375,46.875,44.5625,44.75,5669400,17.171843
1998-01-14,43.9375,45.25,43.9375,44.75,4226800,17.171843
1998-01-13,43.625,45.25,43.50,44.125,5513600,16.932012
1998-01-12,40.75,43.9375,40.75,42.375,4710600,16.260488
1998-01-09,45.00,45.50,42.00,42.375,6973800,16.260488
1998-01-08,46.00,46.5625,45.0625,45.0625,5783600,17.291758
1998-01-07,46.375,48.00,44.625,47.9375,8080600,18.394977
1998-01-06,46.75,47.00,45.25,45.875,6126600,17.603537
1998-01-05,51.25,51.6875,47.5625,47.875,4794000,18.370994
1998-01-02,51.9375,51.9375,50.625,51.125,2163000,19.618111
1997-12-31,50.00,52.25,49.875,51.875,2628600,19.905907
1997-12-30,49.00,49.4375,47.8125,49.4375,2804600,18.970569
1997-12-29,47.875,49.1875,47.5625,48.625,2471000,18.65879
1997-12-26,46.875,47.75,46.625,47.25,1388000,18.131163
1997-12-24,46.75,47.1875,45.8125,46.875,1879400,17.987265
1997-12-23,48.00,48.3125,46.00,46.0625,3470200,17.675486
1997-12-22,50.00,50.375,45.6875,48.25,5350200,18.514892
1997-12-19,49.625,50.1875,47.00,49.3125,4839800,18.922603
1997-12-18,50.375,51.1875,49.0625,49.6875,2511400,19.066501
1997-12-17,52.25,52.875,50.00,50.125,3716200,19.234382
1997-12-16,49.00,51.4375,49.00,51.00,6471400,19.570145
1997-12-15,51.0625,51.9375,47.875,49.00,6710000,18.802688
1997-12-12,53.25,53.875,50.875,51.3125,3843800,19.69006
1997-12-11,54.50,54.75,51.875,52.625,4583200,20.193703
1997-12-10,56.125,56.6875,54.125,55.25,2495200,21.20099
1997-12-09,57.25,58.375,55.50,56.3125,4015400,21.608701
1997-12-08,56.625,57.4375,56.00,57.25,3048600,21.968447
1997-12-05,54.3125,56.75,54.125,56.3125,3083800,21.608701
1997-12-04,55.50,56.6875,54.125,54.3125,5229200,20.841245
1997-12-03,54.00,54.75,53.00,54.50,4384600,20.913194
1997-12-02,51.75,53.1875,51.375,52.375,4678600,20.097771
1997-12-01,54.375,54.375,51.00,51.125,7365400,19.618111
1997-11-28,54.125,54.75,53.625,53.9375,766200,20.697347
1997-11-26,53.25,54.8125,53.125,54.25,3498400,20.769295
1997-11-25,53.375,53.875,52.00,52.8125,6030800,20.218957
1997-11-24,54.875,55.00,52.50,52.5625,3802000,20.123246
1997-11-21,54.9375,56.00,54.50,55.125,3181000,21.104284
1997-11-20,55.50,56.25,54.25,54.9375,6112800,21.0325
1997-11-19,54.9375,55.0625,53.625,53.625,7875400,20.530018
1997-11-18,59.1875,59.625,54.875,55.00,5685400,21.056428
1997-11-17,58.125,59.875,57.875,59.25,3348000,22.683516
1997-11-14,54.125,57.6875,53.50,57.25,5917200,21.917828
1997-11-13,57.125,57.4375,53.375,53.50,4880000,20.482162
1997-11-12,57.00,59.50,56.25,56.3125,1957800,21.558911
1997-11-11,58.6875,58.875,57.125,57.8125,1394000,22.133177
1997-11-10,59.50,60.75,57.8125,58.00,2148600,22.204961
1997-11-07,60.25,60.4375,58.25,59.25,2098200,22.683516
1997-11-06,61.875,61.875,59.8125,60.25,3266600,23.06636
1997-11-05,62.6875,63.25,61.50,62.125,2158800,23.784193
1997-11-04,61.6875,63.25,61.50,62.6875,2533600,23.999543
1997-11-03,60.50,61.9375,60.50,61.625,1693400,23.592771
1997-10-31,60.00,60.625,59.625,59.625,2153400,22.827082
1997-10-30,58.00,61.00,57.00,59.4375,3758000,22.755299
1997-10-29,57.9375,60.125,57.75,58.50,4043000,22.396383
1997-10-28,52.50,57.625,52.375,57.00,10381200,21.822117
1997-10-27,61.75,62.3125,54.75,55.00,2687400,21.056428
1997-10-24,62.50,63.25,61.00,62.125,4658400,23.784193
1997-10-23,58.125,61.50,57.0625,61.50,5313000,23.544915
1997-10-22,59.125,59.75,58.0625,58.75,1739200,22.492094
1997-10-21,58.125,59.1875,57.3125,59.1875,1921800,22.659588
1997-10-20,55.625,58.375,55.5625,58.3125,3205800,22.3246
1997-10-17,54.75,55.875,52.8125,55.375,3651400,21.199995
1997-10-16,56.5625,57.125,54.00,54.875,1771800,21.008573
1997-10-15,55.75,57.00,55.00,56.3125,2597600,21.558911
1997-10-14,58.25,58.50,54.5625,55.5625,3972600,21.271778
1997-10-13,59.5625,60.375,57.5625,57.75,3248800,22.10925
1997-10-10,57.625,60.50,57.25,59.125,2555000,22.63566
1997-10-09,56.4375,58.9375,56.4375,58.125,3919200,22.252816
1997-10-08,57.00,58.00,56.1875,56.5625,2995800,21.654622
1997-10-07,54.25,57.4375,54.00,57.25,2646400,21.917828
1997-10-06,53.4375,53.75,53.125,53.5625,1900200,20.50609
1997-10-03,53.75,54.1875,52.0625,53.00,1577800,20.29074
1997-10-02,52.5625,54.00,52.375,53.25,1274200,20.386451
1997-10-01,52.50,53.0625,51.9375,52.5625,1397800,20.123246
1997-09-30,52.875,52.875,51.125,52.00,2020000,19.907896
1997-09-29,50.8125,52.9375,50.50,52.875,1349000,20.242884
1997-09-26,50.00,51.1875,49.9375,50.9375,2003800,19.501124
1997-09-25,50.50,51.625,50.50,50.9375,1089600,19.501124
1997-09-24,50.75,51.75,49.875,50.125,1982000,19.190063
1997-09-23,51.75,52.00,50.5625,51.25,925200,19.620763
1997-09-22,51.375,52.3125,51.25,52.00,1055800,19.907896
1997-09-19,51.50,52.0625,51.0625,51.50,1462200,19.716474
1997-09-18,52.125,52.875,51.625,51.625,1566200,19.764329
1997-09-17,52.50,52.75,51.4375,52.00,3343000,19.907896
1997-09-16,51.75,52.4375,50.875,52.125,2661600,19.955751
1997-09-15,50.75,52.25,50.5625,51.75,1832200,19.812185
1997-09-12,48.50,51.00,48.375,51.00,2545000,19.525052
1997-09-11,49.00,49.00,47.50,48.0625,1569600,18.400447
1997-09-10,48.75,49.9375,48.4375,48.75,3347200,18.663652
1997-09-09,48.50,49.3125,48.3125,48.8125,1977400,18.68758
1997-09-08,50.375,50.875,49.25,49.25,1361200,18.855074
1997-09-05,50.1875,50.9375,49.75,50.375,2746600,19.285774
1997-09-04,49.00,50.6875,48.6875,50.25,2578400,19.237919
1997-09-03,48.3125,49.1875,48.00,49.00,2413000,18.759363
1997-09-02,47.75,48.3125,47.50,48.3125,1567400,18.496158
1997-08-29,47.75,48.3125,47.375,47.75,3164600,18.280808
1997-08-28,46.3125,48.25,45.50,48.25,3237400,18.424375
1997-08-27,45.50,46.75,44.5625,46.5625,2876800,17.779999
1997-08-26,43.25,45.375,43.1875,45.0625,1821400,17.207221
1997-08-25,43.625,44.75,43.0625,43.50,1697800,16.610576
1997-08-22,43.75,44.00,42.8125,43.625,1130200,16.658308
1997-08-21,45.25,45.8125,44.25,44.4375,1245000,16.968563
1997-08-20,44.25,45.50,43.4375,45.25,1845600,17.278818
1997-08-19,42.50,43.8125,42.375,43.75,3441200,16.706039
1997-08-18,42.50,42.875,41.25,42.00,3540800,16.037798
1997-08-15,43.625,43.9375,42.375,42.50,2176600,16.228724
1997-08-14,44.4375,44.75,42.50,43.625,2612600,16.658308
1997-08-13,44.625,44.875,43.75,44.4375,1725000,16.968563
1997-08-12,45.00,45.625,43.9375,44.1875,1994600,16.8731
1997-08-11,45.5625,45.625,44.5625,45.00,2243200,17.183355
1997-08-08,46.8125,46.8125,44.9375,45.5625,2389000,17.398147
1997-08-07,47.625,48.00,47.00,47.00,1773000,17.947059
1997-08-06,47.6875,48.1875,46.875,47.8125,2118000,18.257314
1997-08-05,46.50,48.125,46.25,47.75,1981200,18.233449
1997-08-04,45.8125,46.75,45.8125,46.4375,1148000,17.732268
1997-08-01,45.625,46.125,45.00,46.0625,1564200,17.589073
1997-07-31,46.00,46.625,45.1875,46.00,2443000,17.565207
1997-07-30,46.125,47.00,45.625,45.6875,1890600,17.445878
1997-07-29,44.875,45.8125,44.75,45.6875,2048000,17.445878
1997-07-28,45.125,45.3125,44.6875,44.875,1484200,17.135623
1997-07-25,44.4375,45.25,44.00,44.875,2221000,17.135623
1997-07-24,44.6875,44.75,42.50,44.0625,2972400,16.825368
1997-07-23,45.625,46.25,44.3125,44.625,2642000,17.04016
1997-07-22,44.25,45.4375,44.00,45.25,5522600,17.278818
1997-07-21,88.312477,89.00,86.75,87.562477,3164400,16.717968
1997-07-18,87.875,89.312477,87.437523,88.375,4854000,16.8731
1997-07-17,85.75,88.75,85.125,87.375,6168000,16.682174
1997-07-16,83.50,84.50,83.125,84.25,2986000,16.085529
1997-07-15,82.25,83.50,82.25,83.50,2798800,15.942335
1997-07-14,83.50,84.25,81.375,82.00,2203200,15.655945
1997-07-11,84.00,85.00,83.187523,83.25,4300000,15.894603
1997-07-10,81.375,84.187523,80.625,83.75,3427200,15.990066
1997-07-09,82.25,82.937523,80.625,80.875,1988800,15.441154
1997-07-08,82.437523,82.437523,81.25,82.187523,1950800,15.691749
1997-07-07,84.00,84.75,81.437523,82.125,3803600,15.679811
1997-07-03,84.062477,84.125,82.50,83.375,2812000,15.918469
1997-07-02,81.375,84.875,81.375,84.125,6128000,16.061664
1997-07-01,79.625,81.75,78.625,81.00,6162000,15.465019
1997-06-30,79.00,79.875,78.562477,79.25,3884400,15.130899
1997-06-27,76.50,78.875,76.50,78.50,5368000,14.987704
1997-06-26,75.00,76.75,74.75,75.75,6274800,14.462657
1997-06-25,75.125,75.375,72.625,73.75,4158000,14.080805
1997-06-24,75.25,75.625,74.125,74.50,3588800,14.223999
1997-06-23,75.25,76.50,73.625,73.625,2775600,14.056939
1997-06-20,76.625,76.625,74.25,75.625,6552400,14.438791
1997-06-19,78.125,78.375,76.125,76.625,3545600,14.629717
1997-06-18,78.625,79.125,78.00,78.00,6698000,14.892241
1997-06-17,79.25,79.625,78.00,78.75,5612000,15.035435
1997-06-16,79.375,80.00,78.00,78.50,4132800,14.987704
1997-06-13,78.50,79.50,77.75,79.375,4957600,15.154764
1997-06-12,79.25,80.625,76.625,77.375,5698800,14.772912
1997-06-11,80.75,81.875,79.00,79.125,5957600,15.107033
1997-06-10,82.00,82.25,80.00,80.875,3224800,15.441154
1997-06-09,81.50,82.125,80.375,82.00,5630400,15.655945
1997-06-06,81.25,83.875,81.25,81.375,4258800,15.536617
1997-06-05,81.125,82.75,80.625,81.625,3182000,15.584348
1997-06-04,81.00,81.75,80.25,81.375,3528400,15.536617
1997-06-03,80.00,82.00,79.125,81.625,3845200,15.584348
1997-06-02,78.00,80.375,77.75,80.25,3272800,15.321825
1997-05-30,77.375,77.625,76.375,77.375,1481200,14.72518
1997-05-29,76.875,78.00,76.375,77.375,1651200,14.72518
1997-05-28,76.00,77.375,75.75,76.625,1606000,14.582448
1997-05-27,76.00,76.375,75.25,76.00,2070000,14.463505
1997-05-23,76.125,76.625,75.625,75.75,2348800,14.415927
1997-05-22,75.875,76.375,75.125,75.75,2733200,14.415927
1997-05-21,75.25,76.375,75.00,75.625,3234800,14.392139
1997-05-20,74.50,75.125,73.25,75.00,2394000,14.273195
1997-05-19,75.25,76.125,74.375,74.50,4084400,14.178041
1997-05-16,75.375,76.25,75.00,75.25,4002400,14.320773
1997-05-15,77.00,77.125,75.25,75.875,1688800,14.439716
1997-05-14,76.375,77.75,75.875,77.125,2382400,14.677603
1997-05-13,78.00,78.00,75.75,76.125,2700400,14.487293
1997-05-12,75.875,78.375,74.75,78.125,3961200,14.867912
1997-05-09,73.75,75.50,72.75,75.25,3119200,14.320773
1997-05-08,70.375,74.125,70.25,73.00,2864800,13.892577
1997-05-07,72.00,72.50,70.25,70.25,2673600,13.369226
1997-05-06,69.875,72.625,69.625,71.75,3966400,13.65469
1997-05-05,70.125,70.375,68.625,70.25,2933600,13.369226
1997-05-02,70.125,70.50,67.125,69.625,3582400,13.250283
1997-05-01,70.375,71.125,69.125,69.75,2018800,13.274072
1997-04-30,69.875,71.50,69.875,70.625,3001200,13.440592
1997-04-29,70.75,70.75,68.75,69.625,6541200,13.250283
1997-04-28,70.625,70.875,68.625,69.75,2724800,13.274072
1997-04-25,72.375,73.125,70.625,70.625,1864000,13.440592
1997-04-24,73.25,73.375,72.125,72.50,4262800,13.797422
1997-04-23,71.375,74.00,71.375,73.50,2084000,13.987731
1997-04-22,71.00,72.00,70.375,71.25,2451200,13.559536
1997-04-21,69.00,71.375,69.00,70.75,3119600,13.464381
1997-04-18,67.125,69.375,66.875,68.875,2538800,13.107551
1997-04-17,69.00,69.75,66.75,67.125,3000800,12.77451
1997-04-16,67.875,68.50,67.25,68.50,1672800,13.036185
1997-04-15,67.375,68.00,65.125,67.875,3894400,12.917242
1997-04-14,65.625,67.375,65.125,66.625,2140400,12.679355
1997-04-11,67.125,67.75,65.50,65.75,1960000,12.512835
1997-04-10,70.125,70.125,67.25,67.625,2072400,12.869664
1997-04-09,70.00,71.625,70.00,70.125,2892800,13.345438
1997-04-08,67.75,69.75,67.125,69.50,4998400,13.226494
1997-04-07,64.375,66.125,64.125,65.50,3659600,12.465257
1997-04-04,63.50,65.375,63.25,64.125,5410400,12.203582
1997-04-03,66.25,66.75,63.25,64.50,4293600,12.274948
1997-04-02,69.125,69.125,67.00,67.00,2090800,12.750721
1997-04-01,68.00,69.75,68.00,69.75,2163600,13.274072
1997-03-31,71.875,71.875,67.75,67.75,3363600,12.893453
1997-03-27,73.625,74.50,71.125,71.75,5204000,13.65469
1997-03-26,71.00,73.75,70.50,73.375,3256800,13.963943
1997-03-25,69.50,71.00,68.875,70.75,2515200,13.464381
1997-03-24,68.25,69.25,68.25,69.125,1158400,13.155128
1997-03-21,69.625,69.625,68.25,68.625,2713200,13.059974
1997-03-20,70.00,70.50,68.875,69.25,2255200,13.178917
1997-03-19,69.875,70.625,69.375,69.625,1621600,13.250283
1997-03-18,69.125,70.375,69.00,70.125,3391200,13.345438
1997-03-17,68.875,69.75,68.50,69.625,1759200,13.250283
1997-03-14,68.375,69.875,68.375,69.375,2706400,13.202706
1997-03-13,67.75,69.375,67.375,68.25,3206800,12.988608
1997-03-12,68.625,68.625,67.50,67.75,2057200,12.893453
1997-03-11,69.50,69.75,68.625,68.875,2339200,13.107551
1997-03-10,68.00,69.875,68.00,69.375,2682800,13.202706
1997-03-07,67.625,68.50,67.125,68.00,3800000,12.94103
1997-03-06,68.00,68.625,67.625,67.75,7093200,12.893453
1997-03-05,65.125,67.125,65.00,66.875,7356800,12.726933
1997-03-04,62.50,65.125,62.375,65.00,10512000,12.370103
1997-03-03,63.50,63.875,61.375,61.75,4612000,11.751597
1997-02-28,63.875,64.875,63.625,64.625,4922400,12.251159
1997-02-27,65.75,65.875,64.00,64.00,2388800,12.132676
1997-02-26,67.00,68.375,65.625,66.00,2363200,12.511822
1997-02-25,66.625,67.25,66.125,66.75,2099600,12.654002
1997-02-24,67.125,68.00,66.75,66.875,1924000,12.677699
1997-02-21,66.375,67.625,65.50,66.875,2352400,12.677699
1997-02-20,67.25,68.00,66.00,66.25,2555200,12.559216
1997-02-19,68.75,69.25,67.875,68.00,1661600,12.890968
1997-02-18,69.875,70.625,68.625,68.75,2156000,13.033148
1997-02-14,70.00,71.125,69.25,69.75,2766800,13.222721
1997-02-13,69.50,70.625,69.50,70.50,3017200,13.364901
1997-02-12,68.75,70.375,67.50,69.50,4173200,13.175328
1997-02-11,65.75,68.50,65.625,68.375,6051600,12.962058
1997-02-10,69.00,69.50,65.75,65.75,4458000,12.464429
1997-02-07,69.75,70.00,67.687523,68.50,3233200,12.985755
1997-02-06,70.625,70.625,68.875,69.50,1864000,13.175328
1997-02-05,73.125,73.625,70.125,70.75,2091600,13.412294
1997-02-04,71.375,72.875,71.125,72.875,3185200,13.815137
1997-02-03,72.00,72.375,70.875,71.375,3598400,13.530777
1997-01-31,72.00,73.125,71.625,72.375,4046000,13.720351
1997-01-30,70.00,71.25,69.875,70.50,5032000,13.364901
1997-01-29,68.125,70.125,68.125,70.00,2520000,13.270115
1997-01-28,69.50,69.50,67.50,67.875,3889600,12.867272
1997-01-27,70.00,70.125,68.125,68.125,3336000,12.914665
1997-01-24,72.125,72.875,70.125,70.25,3375200,13.317508
1997-01-23,71.00,74.00,70.75,71.625,8069600,13.578171
1997-01-22,71.625,71.625,68.125,69.00,5410800,13.080541
1997-01-21,72.125,72.25,71.00,71.25,4615200,13.507081
1997-01-20,72.50,72.875,72.25,72.25,2308400,13.696654
1997-01-17,73.125,73.25,71.875,72.50,5837600,13.744047
1997-01-16,71.625,73.375,71.25,73.125,3151200,13.86253
1997-01-15,69.875,71.875,69.50,71.50,3738000,13.554474
1997-01-14,70.25,70.50,69.625,69.75,4411600,13.222721
1997-01-13,70.375,71.625,68.875,70.50,6065200,13.364901
1997-01-10,67.25,69.50,67.125,69.125,4682800,13.104238
1997-01-09,66.25,68.125,65.875,67.875,4646000,12.867272
1997-01-08,65.75,65.875,64.25,65.125,3589600,12.345946
1997-01-07,63.50,65.375,62.75,65.00,4288800,12.322249
1997-01-06,60.50,63.375,60.375,63.125,3561200,11.9668
1997-01-03,60.25,61.00,60.00,60.25,1005200,11.421777
1997-01-02,60.25,60.75,59.375,60.00,1396800,11.374384
1996-12-31,62.125,62.125,60.25,60.25,938400,11.421777
1996-12-30,62.75,62.875,61.75,62.375,771200,11.82462
1996-12-27,63.00,63.00,61.875,62.00,928800,11.75353
1996-12-26,63.00,63.25,62.125,62.75,731200,11.89571
1996-12-24,61.875,62.875,61.875,62.875,519600,11.919406
1996-12-23,61.375,62.75,60.875,62.125,1045200,11.777227
1996-12-20,62.25,62.25,60.75,61.625,3264400,11.68244
1996-12-19,59.00,61.25,59.00,61.125,3352000,11.587654
1996-12-18,58.00,59.00,58.00,59.00,1904000,11.184811
1996-12-17,58.375,58.875,57.50,57.50,2228400,10.900451
1996-12-16,58.625,59.375,58.00,58.25,2375200,11.042631
1996-12-13,56.25,58.375,56.25,58.375,3515600,11.066328
1996-12-12,58.50,59.00,56.875,57.00,2096400,10.805665
1996-12-11,58.25,58.25,57.25,58.25,1781200,11.042631
1996-12-10,60.625,61.00,58.25,58.50,2442000,11.090024
1996-12-09,59.875,60.50,59.25,60.375,971200,11.445474
1996-12-06,59.00,59.50,58.50,59.50,990000,11.279597
1996-12-05,59.25,60.375,59.25,59.75,2434000,11.326991
1996-12-04,60.00,60.50,58.625,59.125,2656800,11.208507
1996-12-03,61.25,61.75,60.125,60.125,2086000,11.39808
1996-12-02,60.25,61.75,60.125,61.625,2610400,11.68244
1996-11-29,60.25,60.375,60.125,60.25,340000,11.421777
1996-11-27,60.875,61.375,59.875,60.125,1673600,11.39808
1996-11-26,63.375,63.50,59.375,60.625,3366000,11.445474
1996-11-25,62.375,63.625,62.25,62.75,3002800,11.846655
1996-11-22,60.125,61.875,60.125,61.75,2570800,11.657864
1996-11-21,60.375,60.625,60.00,60.00,2362400,11.327479
1996-11-20,60.25,61.25,60.125,60.375,3867600,11.398276
1996-11-19,60.50,60.75,60.125,60.25,2155600,11.374677
1996-11-18,61.25,61.25,60.00,60.875,2073200,11.492672
1996-11-15,60.875,61.75,60.375,61.25,3253600,11.563468
1996-11-14,60.75,61.25,60.25,60.875,2689200,11.492672
1996-11-13,61.50,61.75,61.00,61.00,2483200,11.516271
1996-11-12,61.75,62.25,60.50,61.625,2433600,11.634265
1996-11-11,59.75,61.375,59.625,61.375,2968400,11.587067
1996-11-08,59.125,59.75,58.75,59.50,1506000,11.233084
1996-11-07,58.50,59.50,58.125,59.125,2764800,11.162287
1996-11-06,57.00,58.75,56.75,58.75,5359600,11.09149
1996-11-05,55.875,55.875,54.50,55.375,3074800,10.454319
1996-11-04,54.625,56.125,54.125,55.75,4814000,10.525116
1996-11-01,56.875,57.00,54.50,54.625,3062400,10.312726
1996-10-31,57.50,58.00,56.625,56.625,3594000,10.690308
1996-10-30,57.625,58.625,56.625,58.00,6536000,10.949897
1996-10-29,57.875,58.125,57.125,57.375,6357200,10.831902
1996-10-28,57.25,58.625,57.00,57.50,9090400,10.855501
1996-10-25,57.00,57.625,56.25,56.75,5673200,10.713907
1996-10-24,59.00,59.00,57.625,57.75,7278800,10.902699
1996-10-23,59.75,60.125,58.125,58.875,5292800,11.115089
1996-10-22,62.75,62.875,60.25,60.875,4290400,11.492672
1996-10-21,62.00,63.625,62.00,62.875,4820800,11.870254
1996-10-18,60.25,62.50,60.25,62.25,5740000,11.75226
1996-10-17,58.25,61.50,58.125,60.00,10075600,11.327479
1996-10-16,56.875,58.25,56.875,57.875,5413200,10.926298
1996-10-15,56.375,57.25,56.375,57.125,2437600,10.784704
1996-10-14,55.75,56.375,55.625,55.875,1506400,10.548715
1996-10-11,55.625,56.375,55.375,55.625,1491200,10.501517
1996-10-10,55.00,55.625,55.00,55.50,3684000,10.477918
1996-10-09,54.375,55.125,54.375,54.875,3036400,10.359924
1996-10-08,55.50,55.50,54.00,54.125,2260000,10.21833
1996-10-07,53.875,55.875,53.875,55.625,2967200,10.501517
1996-10-04,53.25,54.375,53.25,53.75,3227600,10.147533
1996-10-03,52.50,53.375,52.25,52.75,5248800,9.958742
1996-10-02,52.125,52.625,51.875,52.25,4591600,9.864346
1996-10-01,51.875,52.00,51.25,51.875,1561600,9.79355
1996-09-30,52.375,52.75,51.50,51.625,1547200,9.746352
1996-09-27,52.50,52.50,51.625,51.875,1318000,9.79355
1996-09-26,51.625,52.75,51.50,52.375,4018000,9.887945
1996-09-25,50.75,51.625,49.50,51.00,5512400,9.628357
1996-09-24,51.25,51.75,50.625,50.75,3158800,9.581159
1996-09-23,52.00,52.00,50.75,51.375,2334800,9.699154
1996-09-20,51.75,52.50,51.625,52.00,2506400,9.817149
1996-09-19,51.125,52.50,50.625,51.625,5194400,9.746352
1996-09-18,52.375,52.75,50.125,50.875,7647600,9.604758
1996-09-17,54.00,54.00,51.00,52.00,5818000,9.817149
1996-09-16,55.625,56.00,54.25,54.25,1984800,10.241929
1996-09-13,56.25,56.625,55.50,55.625,1374800,10.501517
1996-09-12,55.625,56.125,55.00,56.00,2634000,10.572314
1996-09-11,54.375,56.50,54.375,55.875,3256400,10.548715
1996-09-10,53.75,54.625,53.625,54.375,2301600,10.265528
1996-09-09,53.25,53.75,53.25,53.75,1454400,10.147533
1996-09-06,53.625,53.875,52.875,53.25,1669600,10.053138
1996-09-05,53.125,54.25,53.125,53.50,1869600,10.100336
1996-09-04,53.375,53.625,52.75,53.125,1980000,10.029539
1996-09-03,53.50,54.25,53.25,53.375,3086800,10.076737
1996-08-30,53.25,53.25,52.25,52.625,1426400,9.935143
1996-08-29,54.375,54.375,53.125,53.50,1765600,10.053138
1996-08-28,53.875,54.875,53.625,54.75,2042400,10.288025
1996-08-27,54.625,54.625,53.625,53.875,3411200,10.123604
1996-08-26,55.375,55.375,54.50,54.50,1289600,10.241047
1996-08-23,55.625,55.75,54.875,55.125,1025200,10.358491
1996-08-22,56.375,56.875,55.875,56.00,1358000,10.522911
1996-08-21,55.125,57.00,54.875,56.25,2027200,10.569888
1996-08-20,54.75,56.00,54.625,55.625,2068800,10.452445
1996-08-19,53.75,55.125,53.625,54.875,1944800,10.311513
1996-08-16,53.125,53.625,52.875,53.50,1504000,10.053138
1996-08-15,53.875,54.125,53.125,53.125,790000,9.982672
1996-08-14,53.375,53.75,53.25,53.75,1884800,10.100116
1996-08-13,53.875,53.875,53.125,53.125,693200,9.982672
1996-08-12,54.75,54.875,53.125,54.00,2256800,10.147093
1996-08-09,54.75,55.00,54.50,54.75,821200,10.288025
1996-08-08,54.875,55.125,54.50,54.50,1850400,10.241047
1996-08-07,55.125,55.75,54.625,54.75,2140000,10.288025
1996-08-06,53.875,55.125,53.75,55.125,2089600,10.358491
1996-08-05,53.625,54.50,53.625,53.875,1856000,10.123604
1996-08-02,53.375,53.625,52.625,53.625,1994000,10.076627
1996-08-01,52.25,54.25,52.25,53.125,3147600,9.982672
1996-07-31,52.25,52.375,52.00,52.125,1502400,9.794763
1996-07-30,54.25,54.25,51.75,52.25,1968800,9.818252
1996-07-29,54.50,55.50,53.875,54.00,1242800,10.147093
1996-07-26,54.625,55.125,54.125,54.75,1562000,10.288025
1996-07-25,55.125,55.75,54.00,54.50,1740800,10.241047
1996-07-24,55.00,55.625,54.50,55.125,2923200,10.358491
1996-07-23,57.375,57.625,56.125,56.25,2154400,10.569888
1996-07-22,57.00,57.50,56.50,57.25,1630000,10.757797
1996-07-19,57.00,57.625,56.625,56.75,2724400,10.663843
1996-07-18,55.125,56.75,55.125,56.75,3159200,10.663843
1996-07-17,55.25,56.125,54.50,54.875,2963600,10.311513
1996-07-16,55.875,56.25,52.875,54.625,5286000,10.264536
1996-07-15,56.50,57.25,55.50,55.875,3036400,10.499422
1996-07-12,54.75,57.00,54.437519,56.875,3518800,10.687332
1996-07-11,53.875,54.25,53.75,54.25,3213200,10.19407
1996-07-10,54.25,54.75,53.875,54.125,5446400,10.170581
1996-07-09,51.875,53.375,51.875,53.125,2174800,9.982672
1996-07-08,52.50,52.50,51.875,52.125,2621600,9.794763
1996-07-05,52.75,52.75,52.50,52.50,1058000,9.865229
1996-07-03,53.125,53.25,52.875,53.25,4400800,10.006161
1996-07-02,52.375,53.50,52.25,53.25,9583600,10.006161
1996-07-01,54.25,54.25,51.50,52.375,10936000,9.84174
1996-06-28,55.125,56.375,55.125,55.50,1323600,10.428957
1996-06-27,54.375,55.125,54.375,55.00,1362000,10.335002
1996-06-26,54.50,55.125,53.875,54.25,2635200,10.19407
1996-06-25,53.125,54.75,53.125,54.00,4305200,10.147093
1996-06-24,51.875,53.375,51.875,53.00,2507600,9.959184
1996-06-21,50.50,52.00,50.375,51.875,4001600,9.747786
1996-06-20,50.50,50.875,50.125,50.25,1739600,9.442434
1996-06-19,50.25,50.625,49.875,50.25,2009200,9.442434
1996-06-18,50.00,51.125,50.00,50.00,1515600,9.395456
1996-06-17,50.75,50.875,49.875,50.00,1706000,9.395456
1996-06-14,51.50,52.375,50.375,50.625,2746800,9.5129
1996-06-13,50.625,52.25,50.375,51.875,4780400,9.747786
1996-06-12,50.75,51.125,49.875,50.375,3075600,9.465922
1996-06-11,50.75,51.25,49.625,50.375,4696800,9.465922
1996-06-10,51.50,52.00,50.00,50.50,3405200,9.489411
1996-06-07,50.00,51.375,49.50,51.375,9895200,9.653831
1996-06-06,54.00,54.00,51.00,51.375,4887600,9.653831
1996-06-05,54.625,55.125,52.875,54.00,2356400,10.147093
1996-06-04,54.75,55.75,54.625,54.875,2408800,10.311513
1996-06-03,55.125,55.375,53.875,54.25,1568400,10.19407
1996-05-31,56.375,56.625,54.625,55.625,1728800,10.405468
1996-05-30,56.00,56.50,55.50,56.125,1689200,10.499
1996-05-29,57.50,57.75,56.125,56.375,2410400,10.545766
1996-05-28,57.875,58.375,57.25,57.25,2594000,10.709448
1996-05-24,57.00,57.75,56.875,57.625,1836000,10.779597
1996-05-23,56.625,57.50,56.50,56.75,2196400,10.615915
1996-05-22,56.125,57.25,55.75,56.625,3523600,10.592532
1996-05-21,55.75,56.875,55.375,56.00,3144000,10.475617
1996-05-20,52.00,58.00,51.625,56.25,9516800,10.522383
1996-05-17,53.375,53.375,52.00,52.125,4650400,9.750742
1996-05-16,53.625,53.625,53.125,53.375,3602800,9.984572
1996-05-15,54.50,54.50,53.25,53.75,4200000,10.054722
1996-05-14,54.00,55.125,54.00,54.25,4215200,10.148254
1996-05-13,53.75,54.125,53.50,53.625,4202000,10.031339
1996-05-10,53.00,54.125,52.25,53.125,5615200,9.937806
1996-05-09,51.375,52.625,51.25,52.187519,7652800,9.762437
1996-05-08,51.00,51.25,49.50,50.875,5309200,9.516911
1996-05-07,52.875,53.25,50.50,51.125,3608000,9.563677
1996-05-06,52.75,54.125,52.50,53.125,2703600,9.937806
1996-05-03,53.75,54.75,51.25,52.00,4020800,9.727359
1996-05-02,56.125,56.125,53.25,53.25,2771600,9.961189
1996-05-01,57.375,57.50,56.50,56.625,1844400,10.592532
1996-04-30,57.125,57.625,56.875,57.375,1528000,10.732831
1996-04-29,57.75,58.375,57.375,57.50,1865600,10.756214
1996-04-26,57.875,58.50,57.125,57.875,2620000,10.826363
1996-04-25,57.75,57.875,56.875,57.75,1568800,10.80298
1996-04-24,56.875,58.00,56.875,57.75,2365600,10.80298
1996-04-23,58.00,58.00,56.375,57.25,2935200,10.709448
1996-04-22,56.25,58.125,56.25,58.00,2538000,10.849746
1996-04-19,55.50,56.25,55.375,55.75,1868800,10.428851
1996-04-18,55.50,55.875,54.875,55.125,1357200,10.311935
1996-04-17,56.625,56.75,54.625,55.125,1819600,10.311935
1996-04-16,56.125,57.375,56.125,56.875,1872400,10.639298
1996-04-15,56.50,56.50,54.75,55.50,1530800,10.382085
1996-04-12,57.75,57.875,55.625,56.25,1627600,10.522383
1996-04-11,57.75,58.125,56.875,57.875,1970000,10.826363
1996-04-10,59.00,59.125,57.75,58.00,1710400,10.849746
1996-04-09,57.25,59.25,57.00,58.625,2722000,10.966661
1996-04-08,57.00,58.00,56.125,56.75,2478400,10.615915
1996-04-04,58.375,59.375,57.625,58.75,2766400,10.990045
1996-04-03,58.50,58.875,58.125,58.375,1495200,10.919895
1996-04-02,58.625,59.00,58.375,58.625,2849200,10.966661
1996-04-01,56.875,58.50,56.875,58.375,2309600,10.919895
1996-03-29,57.125,57.375,56.25,56.875,1370800,10.639298
1996-03-28,56.875,57.50,56.625,57.25,866000,10.709448
1996-03-27,57.50,57.75,56.625,57.25,1151600,10.709448
1996-03-26,57.25,57.75,56.75,57.25,2003600,10.709448
1996-03-25,57.125,57.50,56.625,57.25,2164400,10.709448
1996-03-22,57.75,57.875,56.75,57.00,783200,10.662682
1996-03-21,57.25,57.75,56.625,57.75,1003200,10.80298
1996-03-20,58.00,58.25,56.875,57.375,2210800,10.732831
1996-03-19,58.625,59.25,57.75,58.00,3819600,10.849746
1996-03-18,58.125,58.375,57.875,58.375,1496400,10.919895
1996-03-15,58.25,58.375,57.625,57.75,3770000,10.80298
1996-03-14,57.75,58.375,57.50,58.125,5362000,10.873129
1996-03-13,53.25,56.375,53.125,56.25,3701200,10.522383
1996-03-12,52.00,53.375,52.00,53.25,2148400,9.961189
1996-03-11,53.125,53.125,51.875,52.625,2848800,9.844274
1996-03-08,54.875,55.00,53.50,53.625,2390800,10.031339
1996-03-07,55.00,55.50,54.625,55.375,1286800,10.358702
1996-03-06,53.625,55.75,53.625,55.00,3023200,10.288552
1996-03-05,53.75,54.375,53.375,53.50,1195600,10.007955
1996-03-04,54.875,55.125,53.75,53.875,1188000,10.078105
1996-03-01,55.375,55.375,54.375,55.125,853600,10.265169
1996-02-29,54.375,55.25,54.375,54.875,2236400,10.218615
1996-02-28,54.50,54.75,54.125,54.50,1466800,10.148784
1996-02-27,54.50,54.625,53.875,54.125,1436800,10.078953
1996-02-26,55.375,56.25,54.625,54.625,1367600,10.172061
1996-02-23,54.75,55.75,54.625,55.75,3374000,10.381554
1996-02-22,55.50,55.75,54.875,55.00,3764400,10.241892
1996-02-21,53.375,55.75,53.375,55.50,3228000,10.335
1996-02-20,53.625,53.875,52.50,53.25,1320000,9.916014
1996-02-16,53.875,54.25,53.50,53.875,2622800,10.032399
1996-02-15,52.75,54.75,52.625,53.875,4602000,10.032399
1996-02-14,53.25,53.625,52.125,52.875,1373600,9.846183
1996-02-13,53.00,53.50,52.625,53.00,1646400,9.86946
1996-02-12,53.375,54.00,53.125,53.50,1475200,9.962568
1996-02-09,52.00,53.25,52.00,53.125,2194400,9.892737
1996-02-08,51.00,52.125,51.00,52.125,1658800,9.70652
1996-02-07,52.00,52.125,50.75,51.00,2473600,9.497027
1996-02-06,50.00,52.375,49.625,52.375,2265200,9.753075
1996-02-05,51.125,51.25,50.125,50.25,1158800,9.357365
1996-02-02,51.50,51.50,51.125,51.375,1018800,9.566858
1996-02-01,51.375,52.50,51.375,51.75,2220800,9.636689
1996-01-31,50.00,51.625,49.875,51.625,1430000,9.613412
1996-01-30,49.75,50.125,49.375,50.125,1747200,9.334088
1996-01-29,49.25,50.00,49.25,50.00,1415200,9.310811
1996-01-26,49.00,49.875,48.875,49.625,2699200,9.24098
1996-01-25,47.75,49.375,47.375,49.25,3387600,9.171149
1996-01-24,45.00,48.00,45.00,48.00,2728400,8.938379
1996-01-23,46.375024,46.500019,45.750016,45.750016,1746000,8.119069
1996-01-22,46.000002,46.62501,44.750027,46.62501,2256400,8.27435
1996-01-19,46.87504,47.125027,46.000002,46.000002,1640000,8.163433
1996-01-18,46.500019,47.250022,46.125037,47.125027,1297600,8.363086
1996-01-17,46.87504,47.125027,46.125037,46.250033,1100400,8.207805
1996-01-16,46.750005,47.000035,46.000002,46.750005,920800,8.296533
1996-01-15,46.750005,47.000035,46.250033,46.62501,596800,8.27435
1996-01-12,47.250022,47.375017,47.000035,47.000035,1844800,8.340905
1996-01-11,46.62501,47.375017,46.62501,46.87504,1675200,8.318722
1996-01-10,47.125027,47.625043,46.375024,46.375024,1582000,8.229986
1996-01-09,48.12502,48.875022,47.125027,47.375017,1981200,8.407451
1996-01-08,47.875029,48.000025,47.625043,47.750038,268800,8.474004
1996-01-05,47.625043,48.12502,47.125027,47.625043,1521200,8.451822
1996-01-04,47.875029,48.500041,47.250022,47.250022,1960800,8.385269
1996-01-03,49.000014,49.000014,47.625043,48.000025,2707600,8.518369
1996-01-02,50.500019,50.750006,49.250044,49.375035,1450800,8.762386
1995-12-29,50.500019,50.625014,50.375028,50.625014,1224000,8.984215
1995-12-28,50.125042,50.750006,49.875012,50.625014,940400,8.984215
1995-12-27,50.000047,50.875045,50.000047,50.000047,2340000,8.873304
1995-12-26,49.375035,50.000047,49.250044,50.000047,533600,8.873304
1995-12-22,49.375035,49.750016,49.000014,49.375035,1516800,8.762386
1995-12-21,49.000014,49.50003,48.750027,49.250044,2316000,8.740204
1995-12-20,48.375006,49.125009,48.375006,48.500041,1175600,8.607104
1995-12-19,47.125027,48.375006,47.000035,48.250011,4431600,8.562733
1995-12-18,46.87504,47.500008,46.375024,47.375017,2089600,8.407451
1995-12-15,48.000025,48.000025,46.87504,47.000035,2343200,8.340905
1995-12-14,47.750038,48.000025,46.750005,47.750038,1308400,8.474004
1995-12-13,47.250022,48.500041,47.125027,47.750038,2412000,8.474004
1995-12-12,46.000002,47.875029,45.50003,47.250022,3464800,8.385269
1995-12-11,46.250033,47.625043,45.875007,47.250022,3284400,8.385269
1995-12-08,46.000002,46.125037,45.125004,46.125037,1436000,8.185622
1995-12-07,45.375035,46.125037,45.25004,46.125037,2578800,8.185622
1995-12-06,44.500037,45.625021,44.500037,45.50003,1967600,8.074705
1995-12-05,44.500037,44.750027,44.125015,44.500037,1794000,7.89724
1995-12-04,44.750027,45.125004,44.25001,44.25001,2196400,7.852869
1995-12-01,43.500008,45.375035,43.500008,44.750027,1756000,7.941605
1995-11-30,43.750034,44.000024,43.375012,43.375012,1506000,7.697586
1995-11-29,43.000031,43.750034,42.87504,43.375012,627200,7.697586
1995-11-28,43.250021,43.375012,42.750005,43.000031,1902800,7.63104
1995-11-27,42.62501,44.750027,42.500014,44.000024,1269600,7.76414
1995-11-24,42.125037,42.500014,42.125037,42.500014,70800,7.499452
1995-11-22,41.875007,42.375023,41.625021,42.125037,1622400,7.433285
1995-11-21,42.000042,42.250028,41.500025,41.625021,1118800,7.345053
1995-11-20,43.375012,43.375012,41.875007,42.250028,926000,7.45534
1995-11-17,41.500025,43.500008,41.375034,43.500008,2016400,7.675909
1995-11-16,41.875007,42.000042,41.125004,41.250039,2390800,7.278884
1995-11-15,41.500025,41.875007,41.125004,41.625021,2101200,7.345053
1995-11-14,42.000042,42.125037,41.625021,41.625021,2020000,7.345053
1995-11-13,42.250028,42.62501,42.000042,42.250028,1180000,7.45534
1995-11-10,41.875007,42.500014,41.875007,42.250028,1377200,7.45534
1995-11-09,41.750012,42.250028,41.500025,42.250028,1963200,7.45534
1995-11-08,42.000042,42.000042,41.250039,41.625021,1874800,7.345053
1995-11-07,41.000009,42.125037,41.000009,41.875007,1865600,7.389165
1995-11-06,40.375001,41.375034,40.375001,41.000009,1743600,7.234765
1995-11-03,41.625021,41.875007,40.750023,40.750023,1428800,7.190653
1995-11-02,42.250028,42.250028,41.000009,41.375034,2750800,7.300941
1995-11-01,41.500025,42.62501,41.500025,42.000042,1623200,7.411228
1995-10-31,43.000031,43.500008,41.500025,41.500025,2332800,7.322996
1995-10-30,40.875018,43.000031,40.875018,43.000031,6012800,7.587684
1995-10-27,40.125015,40.875018,39.750033,40.750023,2365200,7.190653
1995-10-26,40.750023,40.875018,37.750011,39.750033,3490400,7.014197
1995-10-25,43.375012,43.875029,40.750023,40.750023,2820400,7.190653
1995-10-24,42.62501,43.625043,42.500014,43.000031,1429200,7.587684
1995-10-23,42.750005,42.87504,42.000042,42.750005,1652400,7.543565
1995-10-20,43.500008,43.625043,42.750005,42.87504,1682800,7.565628
1995-10-19,44.125015,44.125015,43.250021,43.375012,1295600,7.653852
1995-10-18,43.750034,44.25001,43.500008,44.000024,2018800,7.76414
1995-10-17,43.250021,44.000024,42.87504,43.875029,1738800,7.742084
1995-10-16,43.125026,43.250021,42.500014,43.250021,1596800,7.631797
1995-10-13,43.000031,43.875029,43.000031,43.375012,1155600,7.653852
1995-10-12,43.500008,43.625043,43.000031,43.125026,1072000,7.60974
1995-10-11,43.500008,43.625043,43.000031,43.250021,2190800,7.631797
1995-10-10,41.375034,41.750012,41.000009,41.625021,1465200,7.345053
1995-10-09,41.375034,41.875007,41.000009,41.750012,1878800,7.367108
1995-10-06,41.250039,41.500025,40.750023,40.875018,1284000,7.212709
1995-10-05,42.125037,42.62501,40.875018,41.000009,3189200,7.234765
1995-10-04,41.750012,42.250028,41.500025,42.125037,2841600,7.433285
1995-10-03,42.375023,42.750005,41.625021,41.750012,1714400,7.367108
1995-10-02,41.875007,42.250028,41.125004,41.625021,2142000,7.345053
1995-09-29,42.125037,42.125037,41.625021,41.750012,785200,7.367108
1995-09-28,41.125004,42.125037,41.125004,42.125037,1590800,7.433285
1995-09-27,40.625031,41.000009,40.250006,40.875018,2246000,7.212709
1995-09-26,41.625021,41.750012,40.250006,40.625031,3478800,7.168597
1995-09-25,42.000042,42.000042,41.375034,41.625021,1858800,7.345053
1995-09-22,41.875007,42.250028,41.750012,42.000042,1162400,7.411228
1995-09-21,43.000031,43.250021,41.875007,42.500014,1574000,7.499452
1995-09-20,42.62501,43.000031,42.375023,43.000031,964400,7.587684
1995-09-19,43.625043,43.625043,42.62501,42.87504,2600800,7.565628
1995-09-18,44.375002,44.375002,43.625043,43.625043,1149200,7.697972
1995-09-15,45.000013,45.000013,44.375002,44.500037,2376800,7.852371
1995-09-14,44.875018,45.125004,44.625032,44.875018,2518000,7.91854
1995-09-13,45.125004,45.25004,44.375002,44.750027,2114800,7.896484
1995-09-12,44.000024,45.25004,43.750034,45.25004,2709600,7.984715
1995-09-11,43.875029,44.375002,43.625043,44.000024,2993200,7.76414
1995-09-08,44.125015,44.25001,43.375012,43.625043,3186400,7.697972
1995-09-07,43.250021,43.625043,42.87504,43.500008,1905600,7.675909
1995-09-06,43.875029,43.875029,43.000031,43.500008,1842400,7.675909
1995-09-05,44.875018,45.125004,44.000024,44.125015,5448400,7.786196
1995-09-01,42.62501,44.875018,42.62501,44.750027,4248000,7.896484
1995-08-31,41.500025,42.500014,41.500025,42.375023,2713600,7.477397
1995-08-30,41.250039,42.125037,41.125004,41.875007,1644800,7.389165
1995-08-29,40.750023,41.375034,40.750023,41.250039,1128400,7.278884
1995-08-28,40.375001,41.000009,40.375001,41.000009,1742800,7.190653
1995-08-25,40.750023,41.125004,40.375001,40.500036,2264400,7.102967
1995-08-24,41.125004,41.250039,40.750023,40.750023,946000,7.14681
1995-08-23,41.000009,41.875007,41.000009,41.000009,1422400,7.190653
1995-08-22,40.875018,41.000009,40.625031,40.875018,2611200,7.168732
1995-08-21,41.000009,41.125004,40.625031,40.750023,998800,7.14681
1995-08-18,40.500036,41.125004,40.500036,40.750023,2002400,7.14681
1995-08-17,40.125015,40.375001,39.750033,40.250006,2933200,7.059116
1995-08-16,39.875029,40.125015,39.750033,40.125015,4013600,7.037195
1995-08-15,40.375001,40.375001,39.750033,40.00002,2303200,7.015273
1995-08-14,41.125004,41.250039,40.250006,40.500036,2379200,7.102967
1995-08-11,42.000042,42.000042,40.750023,41.250039,3341200,7.234504
1995-08-10,41.125004,42.000042,41.125004,42.000042,3270000,7.366041
1995-08-09,41.000009,41.250039,40.625031,41.125004,1675600,7.212575
1995-08-08,41.750012,42.000042,40.750023,41.000009,2611600,7.190653
1995-08-07,41.625021,42.000042,41.375034,42.000042,3218800,7.366041
1995-08-04,40.500036,41.625021,40.500036,41.625021,3023200,7.300269
1995-08-03,40.625031,40.750023,40.250006,40.375001,1824800,7.081038
1995-08-02,40.750023,41.250039,40.375001,41.125004,4112400,7.212575
1995-08-01,40.750023,40.875018,40.375001,40.750023,2021200,7.14681
1995-07-31,40.375001,40.750023,39.875029,40.625031,3570400,7.124889
1995-07-28,40.00002,40.125015,39.750033,40.00002,5458800,7.015273
1995-07-27,40.375001,40.375001,39.625038,39.750033,3140000,6.97143
1995-07-26,39.875029,40.625031,39.875029,40.250006,6070400,7.059116
1995-07-25,39.375012,39.375012,38.375019,38.875036,2046800,6.817972
1995-07-24,39.125022,39.750033,39.000031,39.250017,7031600,6.883736
1995-07-21,37.37503,38.500014,36.875013,38.500014,4852800,6.7522
1995-07-20,36.750022,37.250039,36.125011,37.125004,2569600,6.511048
1995-07-19,36.500036,36.500036,35.500003,36.125011,2980400,6.335667
1995-07-18,36.750022,36.750022,36.125011,36.500036,1243600,6.40144
1995-07-17,37.125004,37.250039,36.750022,36.875013,823600,6.467204
1995-07-14,36.500036,37.37503,36.500036,37.125004,2532800,6.511048
1995-07-13,36.500036,37.125004,36.375001,36.625027,808800,6.423361
1995-07-12,36.125011,36.500036,36.125011,36.500036,1587200,6.40144
1995-07-11,36.500036,36.500036,36.000019,36.125011,1494400,6.335667
1995-07-10,36.750022,37.250039,36.625027,36.625027,3156400,6.423361
1995-07-07,36.000019,37.000008,36.000019,36.500036,2972000,6.40144
1995-07-06,35.250017,35.875024,35.000026,35.875024,2555200,6.291824
1995-07-05,35.875024,35.875024,34.75,35.125021,2152400,6.160288
1995-07-03,36.000019,36.250006,35.750033,36.125011,446800,6.335667
1995-06-30,36.375001,36.500036,35.625038,35.750033,583600,6.269903
1995-06-29,35.875024,36.375001,35.875024,36.375001,1306000,6.379511
1995-06-28,36.250006,36.625027,36.125011,36.375001,1868400,6.379511
1995-06-27,35.625038,36.500036,35.375008,36.250006,2975600,6.357589
1995-06-26,36.375001,36.375001,35.500003,35.500003,1589200,6.226052
1995-06-23,36.500036,36.875013,35.875024,36.250006,2582000,6.357589
1995-06-22,36.250006,36.375001,35.250017,36.375001,5095600,6.379511
1995-06-21,37.875006,37.999998,36.250006,36.250006,2230800,6.357589
1995-06-20,38.625009,38.875036,38.250028,38.375019,806400,6.730278
1995-06-19,39.125022,39.250017,38.75,38.875036,902400,6.817972
1995-06-16,38.75,39.125022,38.500014,39.125022,2375600,6.861815
1995-06-15,38.500014,38.75,38.125033,38.625009,1024000,6.774122
1995-06-14,38.125033,38.500014,38.125033,38.375019,1191200,6.730278
1995-06-13,38.375019,38.500014,37.999998,38.125033,766400,6.686435
1995-06-12,37.999998,38.250028,37.750011,38.125033,1084000,6.686435
1995-06-09,38.500014,38.500014,37.875006,38.250028,760000,6.708357
1995-06-08,38.250028,38.75,38.250028,38.375019,1279200,6.730278
1995-06-07,39.000031,39.125022,38.500014,38.75,1406400,6.796043
1995-06-06,39.250017,39.500003,39.000031,39.125022,869600,6.861815
1995-06-05,38.625009,39.125022,38.625009,39.125022,833600,6.861815
1995-06-02,38.75,39.000031,38.250028,38.250028,705600,6.708357
1995-06-01,39.000031,39.250017,38.625009,39.000031,1208000,6.839893
1995-05-31,39.125022,39.625038,39.000031,39.000031,2920800,6.839893
1995-05-30,38.625009,39.375012,38.625009,39.250017,1760000,6.883736
1995-05-26,38.625009,38.75,38.250028,38.625009,1113200,6.774122
1995-05-25,38.75,39.250017,38.375019,38.75,1114400,6.796043
1995-05-24,38.250028,39.125022,38.250028,39.125022,3296000,6.817971
1995-05-23,37.000008,38.375019,37.000008,37.999998,2461200,6.621923
1995-05-22,37.37503,37.37503,37.000008,37.000008,1536800,6.447664
1995-05-19,37.500025,37.625016,37.000008,37.250039,1746800,6.491235
1995-05-18,38.250028,38.375019,37.500025,37.625016,827600,6.556579
1995-05-17,38.500014,38.75,37.999998,38.250028,1209200,6.665494
1995-05-16,38.375019,38.75,38.250028,38.500014,3017600,6.709057
1995-05-15,38.375019,38.500014,38.125033,38.500014,1387600,6.709057
1995-05-12,37.37503,38.125033,37.250039,38.125033,1665200,6.643712
1995-05-11,37.125004,37.750011,36.875013,37.500025,1267200,6.534797
1995-05-10,37.999998,38.125033,37.250039,37.250039,902800,6.491235
1995-05-09,38.250028,38.375019,37.875006,37.999998,1497200,6.621923
1995-05-08,37.999998,38.250028,37.875006,38.250028,915600,6.665494
1995-05-05,38.375019,38.375019,37.750011,37.999998,1246800,6.621923
1995-05-04,38.250028,38.375019,37.875006,38.250028,3126800,6.665494
1995-05-03,38.375019,38.75,38.375019,38.500014,1322400,6.709057
1995-05-02,38.875036,38.875036,37.999998,38.375019,2891600,6.687275
1995-05-01,38.500014,39.125022,38.500014,39.000031,2623200,6.79619
1995-04-28,38.625009,38.625009,38.125033,38.375019,662400,6.687275
1995-04-27,38.250028,38.500014,38.250028,38.500014,682000,6.709057
1995-04-26,39.000031,39.000031,38.250028,38.375019,1337200,6.687275
1995-04-25,38.75,39.125022,38.625009,39.125022,2593600,6.817971
1995-04-24,39.125022,39.625038,38.875036,39.500003,1588400,6.883316
1995-04-21,38.625009,39.250017,38.500014,38.75,3034000,6.75262
1995-04-20,37.999998,38.875036,37.750011,38.375019,3258800,6.687275
1995-04-19,37.625016,38.125033,37.250039,37.875006,2515600,6.600142
1995-04-18,37.125004,37.750011,37.000008,37.625016,3086000,6.556579
1995-04-17,37.37503,37.37503,36.875013,37.125004,2394400,6.469446
1995-04-13,37.000008,37.125004,36.750022,37.125004,1260000,6.469446
1995-04-12,36.625027,36.875013,36.375001,36.875013,1311600,6.425882
1995-04-11,36.500036,36.750022,36.250006,36.500036,1514800,6.360538
1995-04-10,36.500036,36.625027,36.125011,36.500036,1072800,6.360538
1995-04-07,37.125004,37.125004,36.375001,36.625027,1275200,6.382319
1995-04-06,37.37503,37.37503,37.000008,37.000008,2601200,6.447664
1995-04-05,36.750022,37.125004,36.750022,37.125004,1950000,6.469446
1995-04-04,37.125004,37.250039,36.750022,36.750022,4771200,6.404101
1995-04-03,36.875013,37.250039,36.250006,37.000008,2466400,6.447664
1995-03-31,35.875024,36.875013,35.625038,36.375001,3063600,6.338749
1995-03-30,36.125011,36.375001,35.750033,36.250006,3694800,6.316968
1995-03-29,36.875013,36.875013,36.000019,36.125011,5922800,6.295186
1995-03-28,37.000008,37.000008,36.500036,36.875013,3588800,6.425882
1995-03-27,37.125004,37.125004,36.750022,37.000008,1248000,6.447664
1995-03-24,37.250039,37.500025,36.875013,37.125004,914000,6.469446
1995-03-23,36.875013,37.125004,36.750022,37.125004,1231600,6.469446
1995-03-22,37.125004,37.37503,36.750022,36.875013,3441200,6.425882
1995-03-21,37.750011,37.875006,37.125004,37.250039,4104400,6.491235
1995-03-20,37.625016,38.250028,37.37503,38.125033,2886000,6.643712
1995-03-17,37.125004,37.500025,36.750022,37.500025,3969600,6.534797
1995-03-16,37.125004,37.250039,36.875013,37.125004,2331600,6.469446
1995-03-15,37.999998,38.125033,37.500025,37.625016,1262800,6.556579
1995-03-14,37.250039,37.999998,37.125004,37.999998,2083200,6.621923
1995-03-13,37.000008,37.625016,36.500036,37.37503,2353600,6.513016
1995-03-10,38.125033,38.250028,37.500025,37.625016,2008000,6.556579
1995-03-09,39.000031,39.000031,37.37503,38.250028,5023200,6.665494
1995-03-08,38.125033,39.125022,38.125033,38.875036,3029200,6.774408
1995-03-07,37.750011,38.250028,37.37503,38.125033,2058400,6.643712
1995-03-06,37.750011,37.875006,37.250039,37.875006,1765600,6.600142
1995-03-03,37.625016,37.750011,37.250039,37.750011,981200,6.57836
1995-03-02,37.37503,38.125033,37.37503,37.750011,1990000,6.57836
1995-03-01,37.250039,37.625016,37.125004,37.37503,3258000,6.513016
1995-02-28,36.125011,37.250039,36.125011,37.250039,1445600,6.491235
1995-02-27,36.375001,36.500036,35.625038,36.000019,1898400,6.273405
1995-02-24,36.500036,36.750022,36.250006,36.375001,1209600,6.338749
1995-02-23,37.37503,37.625016,36.750022,36.875013,3163200,6.382319
1995-02-22,36.875013,37.750011,36.500036,37.625016,3150400,6.51213
1995-02-21,36.250006,37.250039,36.125011,36.875013,3500000,6.382319
1995-02-17,35.500003,36.250006,35.250017,36.125011,2358000,6.252509
1995-02-16,35.500003,35.625038,35.500003,35.625038,1011200,6.165974
1995-02-15,35.250017,35.875024,35.000026,35.500003,3144000,6.144333
1995-02-14,34.875035,35.250017,34.875035,35.125021,1248400,6.079431
1995-02-13,35.125021,35.125021,34.625005,34.625005,978000,5.992888
1995-02-10,34.75,35.000026,34.625005,35.000026,1245600,6.057797
1995-02-09,34.625005,35.250017,34.625005,35.140636,1129200,6.082134
1995-02-08,34.875035,35.125021,34.625005,34.625005,742000,5.992888
1995-02-07,34.875035,34.875035,34.375019,34.875035,1433200,6.036164
1995-02-06,35.000026,35.250017,34.375019,34.875035,1986000,6.036164
1995-02-03,35.250017,35.500003,34.875035,34.875035,2096400,6.036164
1995-02-02,35.750033,35.875024,34.125032,35.000026,5585200,6.057797
1995-02-01,36.125011,36.375001,35.125021,36.250006,2407200,6.274143
1995-01-31,36.125011,36.500036,35.875024,36.250006,2248000,6.274143
1995-01-30,36.500036,36.625027,36.250006,36.250006,1188800,6.274143
1995-01-27,36.500036,36.625027,36.375001,36.500036,928000,6.317418
1995-01-26,36.375001,36.750022,36.250006,36.500036,2452400,6.317418
1995-01-25,35.500003,36.500036,35.500003,36.375001,4807600,6.295777
1995-01-24,35.500003,35.750033,35.500003,35.625038,1548000,6.165974
1995-01-23,35.375008,36.125011,35.375008,35.500003,3403600,6.144333
1995-01-20,35.625038,36.000019,35.500003,35.750033,1624400,6.187608
1995-01-19,35.375008,36.000019,35.250017,35.625038,2218400,6.165974
1995-01-18,35.000026,35.500003,34.500014,35.375008,2172400,6.122699
1995-01-17,34.125032,35.000026,34.125032,34.875035,2044800,6.036164
1995-01-16,33.750011,34.125032,33.625016,34.125032,480000,5.906353
1995-01-13,34.000037,34.500014,33.750011,33.875002,878400,5.863078
1995-01-12,33.750011,33.875002,33.500023,33.875002,888000,5.863078
1995-01-11,34.375019,34.500014,34.000037,34.000037,2151600,5.884719
1995-01-10,34.875035,34.875035,34.250023,34.500014,1740400,5.971255
1995-01-09,34.250023,35.125021,34.250023,35.000026,2608000,6.057797
1995-01-06,34.125032,34.125032,33.750011,34.125032,729200,5.906353
1995-01-05,34.250023,34.500014,34.000037,34.125032,724000,5.906353
1995-01-04,33.250034,34.500014,33.250034,34.375019,1214400,5.949621
1995-01-03,33.000006,33.500023,32.875013,33.500023,2116000,5.798177
1994-12-30,33.500023,33.625016,33.124999,33.124999,1284800,5.733268
1994-12-29,33.625016,33.625016,33.250034,33.250034,913600,5.754909
1994-12-28,33.875002,33.875002,33.37503,33.500023,1450000,5.798177
1994-12-27,34.375019,34.500014,34.000037,34.125032,892400,5.906353
1994-12-23,34.875035,34.875035,34.500014,34.500014,517600,5.971255
1994-12-22,34.875035,35.000026,34.250023,34.625005,2547600,5.992888
1994-12-21,34.500014,35.125021,34.500014,34.75,2337600,6.014523
1994-12-20,34.75,34.75,34.250023,34.75,2183200,6.014523
1994-12-19,34.625005,34.875035,34.500014,34.625005,1748000,5.992888
1994-12-16,34.625005,35.000026,34.250023,34.75,2104800,6.014523
1994-12-15,33.750011,34.625005,33.750011,34.500014,2294400,5.971255
1994-12-14,34.375019,34.625005,33.875002,34.000037,3160400,5.884719
1994-12-13,33.875002,34.375019,33.875002,34.250023,1658400,5.927987
1994-12-12,33.250034,33.750011,33.250034,33.500023,1675600,5.798177
1994-12-09,33.124999,33.500023,32.75002,33.124999,1682400,5.733268
1994-12-08,33.625016,33.875002,33.000006,33.124999,2507600,5.733268
1994-12-07,33.750011,34.000037,33.625016,33.875002,2754400,5.863078
1994-12-06,33.750011,34.375019,33.625016,34.125032,2905200,5.906353
1994-12-05,34.250023,34.250023,33.875002,34.000037,581200,5.884719
1994-12-02,34.125032,34.375019,33.875002,34.250023,1003600,5.927987
1994-12-01,35.000026,35.000026,34.125032,34.375019,1348000,5.949621
1994-11-30,35.000026,35.000026,34.500014,34.875035,2418400,6.036164
1994-11-29,34.250023,35.000026,34.250023,34.75,1448000,6.014523
1994-11-28,33.875002,34.250023,33.750011,34.250023,1802000,5.927987
1994-11-25,33.625016,33.875002,33.625016,33.750011,316000,5.841445
1994-11-23,33.000006,34.125032,32.625027,34.000037,1675600,5.841451
1994-11-22,34.500014,34.500014,33.000006,33.250034,3467200,5.712595
1994-11-21,34.125032,34.625005,33.875002,34.125032,3917600,5.862926
1994-11-18,34.125032,34.250023,33.875002,33.875002,3279200,5.819969
1994-11-17,35.000026,35.000026,34.000037,34.125032,2520400,5.862926
1994-11-16,35.250017,35.375008,34.375019,34.875035,2693600,5.991782
1994-11-15,35.625038,35.625038,35.125021,35.375008,1802400,6.077681
1994-11-14,35.500003,35.750033,35.250017,35.500003,2109600,6.099156
1994-11-11,35.250017,35.500003,35.125021,35.500003,1870400,6.099156
1994-11-10,35.875024,36.125011,35.375008,35.500003,884800,6.099156
1994-11-09,36.125011,36.250006,35.625038,35.875024,1074400,6.163587
1994-11-08,36.000019,36.250006,35.875024,36.000019,1374800,6.185062
1994-11-07,36.000019,36.500036,35.875024,36.125011,2112400,6.206537
1994-11-04,36.000019,36.250006,35.875024,35.875024,1112400,6.163587
1994-11-03,36.625027,36.625027,35.875024,35.875024,2626000,6.163587
1994-11-02,36.875013,37.250039,36.625027,36.625027,3233200,6.292443
1994-11-01,36.500036,36.750022,36.125011,36.750022,2839200,6.313918
1994-10-31,36.125011,37.125004,35.875024,37.000008,7651200,6.356868
1994-10-28,35.500003,36.375001,35.000026,36.375001,15258400,6.249487
1994-10-27,32.500032,32.625027,32.12501,32.12501,1733600,5.519308
1994-10-26,31.875022,32.625027,31.625036,32.250003,2077200,5.540783
1994-10-25,31.50,31.875022,31.50,31.875022,1948400,5.476358
1994-10-24,31.50,31.875022,31.50,31.625036,598400,5.433409
1994-10-21,31.50,31.750029,31.375007,31.625036,1164000,5.433409
1994-10-20,31.750029,31.750029,31.250014,31.375007,1117200,5.390452
1994-10-19,31.50,32.000017,31.50,32.000017,2264800,5.497833
1994-10-18,32.000017,32.000017,31.50,31.50,1490000,5.411927
1994-10-17,31.625036,31.875022,31.50,31.875022,656800,5.476358
1994-10-14,31.625036,31.750029,31.50,31.625036,902800,5.433409
1994-10-13,31.875022,32.12501,31.375007,31.50,2682400,5.411927
1994-10-12,32.12501,32.250003,31.625036,31.625036,2000800,5.433409
1994-10-11,32.250003,32.374996,31.750029,31.875022,1330800,5.476358
1994-10-10,33.124999,33.250034,32.500032,32.500032,2218800,5.583739
1994-10-07,31.750029,33.500023,31.625036,33.000006,6247600,5.669638
1994-10-06,31.250014,32.12501,31.125019,31.750029,962400,5.454883
1994-10-05,31.625036,31.625036,31.125019,31.250014,1258800,5.368977
1994-10-04,32.000017,32.12501,31.50,31.625036,1424800,5.433409
1994-10-03,31.750029,32.12501,31.50,32.000017,1568000,5.497833
1994-09-30,30.749998,31.750029,30.500009,31.50,2066400,5.411927
1994-09-29,30.875033,31.125019,30.625004,30.749998,946800,5.283071
1994-09-28,31.125019,31.50,30.625004,30.625004,1415600,5.261596
1994-09-27,30.875033,31.50,30.875033,31.000026,2403200,5.326027
1994-09-26,30.749998,30.875033,30.375016,30.875033,1079200,5.304553
1994-09-23,29.875002,30.875033,29.875002,30.875033,1439200,5.304553
1994-09-22,30.12503,30.250023,29.750007,29.750007,1101600,5.111265
1994-09-21,29.875002,30.625004,29.875002,30.12503,3520800,5.175697
1994-09-20,30.500009,30.749998,29.750007,29.750007,1839200,5.111265
1994-09-19,30.500009,30.625004,30.12503,30.625004,1747600,5.261596
1994-09-16,30.250023,30.375016,29.750007,29.999995,2258000,5.154215
1994-09-15,30.250023,30.500009,30.250023,30.375016,927200,5.218646
1994-09-14,30.625004,30.625004,30.12503,30.250023,690400,5.197172
1994-09-13,30.250023,30.625004,30.12503,30.625004,1605200,5.261596
1994-09-12,30.250023,30.500009,29.999995,29.999995,659200,5.154215
1994-09-09,30.749998,30.749998,30.250023,30.250023,769600,5.197172
1994-09-08,30.500009,31.250014,30.500009,31.000026,1511600,5.326027
1994-09-07,30.375016,30.875033,30.250023,30.500009,1332400,5.240121
1994-09-06,30.375016,30.375016,30.12503,30.250023,550800,5.197172
1994-09-02,30.375016,30.500009,30.250023,30.250023,784000,5.197172
1994-09-01,30.749998,30.749998,29.999995,30.12503,2936800,5.175697
1994-08-31,30.375016,30.625004,30.12503,30.250023,1555600,5.197172
1994-08-30,30.375016,30.749998,30.250023,30.375016,4454000,5.218646
1994-08-29,29.875002,30.12503,29.750007,29.999995,3604000,5.154215
1994-08-26,29.750007,29.875002,29.50002,29.625013,2028800,5.08979
1994-08-25,29.375027,29.625013,29.250034,29.50002,2193600,5.025366
1994-08-24,29.50002,29.875002,29.375027,29.375027,1546000,5.004074
1994-08-23,29.250034,29.50002,29.124997,29.250034,2351600,4.982781
1994-08-22,29.124997,29.375027,28.750017,29.124997,2431200,4.961481
1994-08-19,29.625013,29.625013,29.124997,29.124997,1636000,4.961481
1994-08-18,29.50002,29.750007,29.124997,29.375027,1703600,5.004074
1994-08-17,29.750007,29.750007,29.000004,29.375027,3998000,5.004074
1994-08-16,30.749998,30.749998,29.625013,29.625013,2594400,5.046659
1994-08-15,31.125019,31.50,30.500009,30.749998,787200,5.238302
1994-08-12,30.749998,31.250014,30.625004,31.250014,874400,5.32348
1994-08-11,31.000026,31.000026,30.375016,30.625004,1195200,5.217009
1994-08-10,31.250014,31.50,30.875033,31.000026,1311600,5.280894
1994-08-09,32.250003,32.250003,31.250014,31.50,938800,5.366066
1994-08-08,32.374996,32.500032,31.750029,31.875022,563200,5.429951
1994-08-05,31.750029,32.500032,31.50,32.500032,735600,5.536422
1994-08-04,33.000006,33.000006,31.50,31.750029,2346800,5.408658
1994-08-03,33.625016,33.750011,32.75002,32.875013,2256000,5.600301
1994-08-02,34.375019,34.375019,33.500023,33.750011,556400,5.749358
1994-08-01,34.125032,34.75,34.000037,34.500014,1729600,5.877122
1994-07-29,34.000037,34.75,33.625016,34.000037,1242400,5.79195
1994-07-28,33.875002,34.000037,33.625016,33.875002,491600,5.77065
1994-07-27,33.625016,34.125032,33.500023,34.000037,719200,5.79195
1994-07-26,33.875002,34.000037,33.625016,33.750011,444000,5.749358
1994-07-25,34.125032,34.375019,33.750011,34.125032,784000,5.813243
1994-07-22,34.125032,34.500014,34.125032,34.375019,578400,5.855829
1994-07-21,34.875035,34.875035,34.000037,34.625005,1582400,5.898414
1994-07-20,34.875035,34.875035,34.500014,34.875035,2184000,5.941007
1994-07-19,34.75,35.125021,34.625005,34.75,1756000,5.919707
1994-07-18,34.250023,34.875035,34.125032,34.75,1469600,5.919707
1994-07-15,34.375019,35.125021,34.250023,34.500014,2703200,5.877122
1994-07-14,33.750011,34.375019,33.625016,34.375019,1256000,5.855829
1994-07-13,33.750011,34.250023,33.500023,33.625016,2133200,5.728065
1994-07-12,34.000037,34.000037,33.625016,33.625016,1679600,5.728065
1994-07-11,34.000037,34.125032,33.750011,34.000037,2097600,5.79195
1994-07-08,33.750011,34.125032,33.625016,33.875002,2035600,5.77065
1994-07-07,34.000037,34.625005,33.875002,34.000037,3843200,5.79195
1994-07-06,34.375019,34.375019,33.875002,34.125032,2032400,5.813243
1994-07-05,33.750011,34.75,33.750011,34.500014,3287200,5.877122
1994-07-01,34.000037,34.125032,33.875002,34.000037,748000,5.79195
1994-06-30,34.125032,34.375019,33.750011,33.875002,1154800,5.77065
1994-06-29,33.37503,34.75,33.37503,34.125032,1611200,5.813243
1994-06-28,34.000037,34.125032,33.625016,33.750011,1081200,5.749358
1994-06-27,34.000037,34.375019,33.875002,34.125032,1696800,5.813243
1994-06-24,34.625005,34.625005,33.750011,34.000037,1983600,5.79195
1994-06-23,34.500014,35.000026,34.375019,34.75,3328800,5.919707
1994-06-22,34.75,35.250017,34.500014,34.500014,3963200,5.877122
1994-06-21,33.625016,34.75,33.625016,34.625005,4036800,5.898414
1994-06-20,32.875013,34.125032,32.500032,34.000037,3558800,5.79195
1994-06-17,32.250003,33.124999,32.12501,33.000006,2944000,5.621593
1994-06-16,32.374996,32.500032,32.250003,32.500032,785200,5.536422
1994-06-15,32.500032,32.625027,32.000017,32.500032,714400,5.536422
1994-06-14,32.625027,32.875013,32.12501,32.374996,708400,5.515122
1994-06-13,32.12501,32.625027,32.000017,32.625027,812400,5.557715
1994-06-10,31.50,32.250003,31.125019,32.12501,1325200,5.472537
1994-06-09,31.125019,31.375007,31.125019,31.250014,729600,5.32348
1994-06-08,31.375007,31.50,31.000026,31.000026,1262800,5.280894
1994-06-07,31.50,31.875022,30.875033,31.50,939200,5.366066
1994-06-06,31.375007,32.000017,31.375007,31.625036,1011600,5.387365
1994-06-03,31.000026,31.50,31.000026,31.375007,1200400,5.344773
1994-06-02,31.375007,31.625036,30.875033,31.125019,1022400,5.302187
1994-06-01,30.500009,31.375007,30.500009,31.125019,1930800,5.302187
1994-05-31,30.12503,30.749998,30.12503,30.375016,1272800,5.174423
1994-05-27,30.625004,30.875033,30.250023,30.375016,871600,5.174423
1994-05-26,30.625004,31.000026,30.500009,30.749998,731600,5.238302
1994-05-25,31.125019,31.125019,30.375016,30.625004,872000,5.217009
1994-05-24,31.625036,31.625036,31.125019,31.250014,1261200,5.280894
1994-05-23,30.749998,31.750029,30.625004,31.625036,2269200,5.344269
1994-05-20,30.749998,31.125019,30.625004,31.125019,1945200,5.259772
1994-05-19,30.12503,31.000026,29.999995,30.500009,1960000,5.154152
1994-05-18,30.12503,30.500009,29.999995,30.375016,2606400,5.13303
1994-05-17,30.250023,30.250023,29.625013,29.999995,1895200,5.069656
1994-05-16,29.750007,30.250023,29.625013,30.250023,1174000,5.111907
1994-05-13,30.375016,30.375016,29.625013,29.625013,1174000,5.006288
1994-05-12,30.375016,30.625004,29.750007,29.999995,1470000,5.069656
1994-05-11,30.250023,30.375016,29.875002,30.250023,743600,5.111907
1994-05-10,30.12503,30.375016,29.875002,30.12503,1497200,5.090785
1994-05-09,30.250023,30.500009,29.875002,29.875002,1479200,5.048533
1994-05-06,29.875002,31.125019,29.875002,30.625004,3713200,5.175275
1994-05-05,29.999995,30.375016,29.999995,29.999995,814400,5.069656
1994-05-04,30.12503,30.500009,29.625013,29.999995,1076000,5.069656
1994-05-03,29.875002,30.375016,29.50002,30.375016,1122400,5.13303
1994-05-02,29.375027,30.12503,29.250034,29.875002,1268800,5.048533
1994-04-29,29.625013,29.750007,29.375027,29.625013,1030400,5.006288
1994-04-28,29.999995,29.999995,29.375027,29.875002,1881600,5.048533
1994-04-26,30.625004,30.625004,29.875002,29.999995,2047600,5.069656
1994-04-25,29.999995,30.749998,29.375027,30.625004,2030000,5.175275
1994-04-22,29.250034,30.12503,29.250034,29.750007,1749200,5.02741
1994-04-21,29.124997,29.250034,28.625024,29.250034,1040800,4.942921
1994-04-20,29.250034,29.375027,28.875011,28.875011,1843600,4.879546
1994-04-19,29.50002,29.50002,29.000004,29.124997,1444000,4.921791
1994-04-18,30.250023,30.500009,29.50002,29.50002,2052000,4.985166
1994-04-15,28.625024,30.500009,28.250001,30.250023,4506800,5.111907
1994-04-14,28.500031,28.875011,28.250001,28.625024,3153600,4.837301
1994-04-13,28.750017,28.750017,27.875022,28.250001,2121600,4.773927
1994-04-12,29.250034,29.375027,28.250001,28.374994,2658400,4.795049
1994-04-11,29.50002,29.750007,29.124997,29.250034,1368400,4.942921
1994-04-08,29.625013,29.750007,29.375027,29.50002,1644400,4.985166
1994-04-07,29.999995,30.12503,29.375027,29.625013,1356800,5.006288
1994-04-06,29.625013,29.875002,29.250034,29.750007,1365600,5.02741
1994-04-05,28.875011,29.750007,28.875011,29.50002,2083600,4.985166
1994-04-04,28.625024,28.875011,27.875022,28.875011,2167200,4.879546
1994-03-31,29.875002,29.999995,28.750017,29.250034,6378800,4.942921
1994-03-30,30.12503,30.250023,29.625013,29.875002,2363600,5.048533
1994-03-29,30.500009,30.500009,30.12503,30.12503,3211200,5.090785
1994-03-28,31.750029,31.750029,30.250023,31.000026,2764000,5.238649
1994-03-25,32.75002,33.000006,32.250003,32.374996,1204800,5.471004
1994-03-24,32.374996,32.625027,32.000017,32.625027,820400,5.513256
1994-03-23,32.250003,32.75002,32.250003,32.374996,769200,5.471004
1994-03-22,32.75002,32.75002,32.250003,32.250003,1223200,5.449881
1994-03-21,32.875013,32.875013,32.250003,32.625027,1657600,5.513256
1994-03-18,32.875013,33.124999,32.625027,33.000006,3083200,5.576623
1994-03-17,32.12501,33.124999,32.000017,33.000006,2850000,5.576623
1994-03-16,30.500009,32.12501,30.375016,32.12501,2152400,5.428759
1994-03-15,30.500009,30.625004,30.375016,30.500009,2005600,5.154152
1994-03-14,30.749998,30.749998,30.375016,30.625004,1241600,5.175275
1994-03-11,29.50002,30.875033,29.50002,30.749998,1427600,5.196397
1994-03-10,30.12503,30.250023,29.625013,29.625013,2476000,5.006288
1994-03-09,30.250023,30.500009,29.625013,30.12503,1731200,5.090785
1994-03-08,29.999995,29.999995,29.50002,29.875002,3402000,5.048533
1994-03-07,30.625004,30.749998,29.875002,29.999995,2262400,5.069656
1994-03-04,30.749998,31.000026,29.999995,30.500009,2356000,5.154152
1994-03-03,30.625004,31.375007,30.250023,30.749998,1286000,5.196397
1994-03-02,30.250023,31.000026,29.999995,30.749998,1816800,5.196397
1994-03-01,31.125019,31.50,30.375016,30.375016,1566800,5.13303
1994-02-28,31.625036,32.000017,31.375007,31.375007,729600,5.302017
1994-02-25,31.875022,32.000017,31.250014,31.375007,1214000,5.302017
1994-02-24,32.250003,32.374996,31.875022,32.000017,1156800,5.407636
1994-02-23,31.750029,32.625027,31.50,32.625027,1708400,5.471011
1994-02-22,31.625036,32.250003,31.50,31.875022,903200,5.34524
1994-02-18,31.750029,32.000017,31.375007,31.625036,1084000,5.303319
1994-02-17,31.125019,32.000017,31.000026,31.625036,1454000,5.303319
1994-02-16,31.250014,31.250014,30.625004,30.875033,2298400,5.177548
1994-02-15,31.250014,31.625036,31.125019,31.125019,3710400,5.219469
1994-02-14,32.374996,32.75002,31.000026,31.250014,3474000,5.24043
1994-02-11,32.250003,32.625027,31.875022,32.500032,762000,5.45005
1994-02-10,32.500032,32.500032,31.750029,32.000017,1151200,5.366201
1994-02-09,33.37503,33.37503,32.250003,32.374996,1477200,5.429083
1994-02-08,33.000006,33.875002,32.875013,33.500023,1994000,5.617742
1994-02-07,32.250003,33.000006,32.000017,33.000006,2240400,5.533893
1994-02-04,33.750011,33.875002,32.75002,32.75002,1784400,5.491972
1994-02-03,34.000037,34.000037,33.500023,33.750011,1543200,5.659664
1994-02-02,32.500032,34.250023,32.500032,34.000037,2923200,5.701592
1994-02-01,32.500032,32.75002,31.750029,32.000017,2595600,5.366201
1994-01-31,31.50,32.250003,31.375007,32.250003,1151200,5.408122
1994-01-28,31.50,31.50,31.125019,31.250014,1715600,5.24043
1994-01-27,31.000026,31.50,30.749998,31.250014,3360800,5.24043
1994-01-26,31.50,31.50,30.250023,30.749998,6752400,5.156581
1994-01-25,33.000006,33.124999,31.50,31.625036,2734400,5.303319
1994-01-24,33.625016,33.750011,33.000006,33.000006,1007600,5.533893
1994-01-21,34.250023,34.250023,33.250034,33.875002,1476400,5.680624
1994-01-20,34.000037,34.250023,33.750011,34.125032,1656400,5.722553
1994-01-19,33.750011,34.250023,33.500023,34.125032,1774000,5.722553
1994-01-18,33.37503,34.000037,33.37503,34.000037,1928800,5.701592
1994-01-17,32.250003,33.500023,32.12501,33.37503,1228800,5.596782
1994-01-14,32.000017,32.75002,31.875022,32.250003,1487600,5.408122
1994-01-13,32.12501,32.250003,31.50,31.750029,1404800,5.324279
1994-01-12,32.250003,32.250003,31.50,32.000017,1380000,5.366201
1994-01-11,33.000006,33.000006,31.50,32.000017,2795200,5.366201
1994-01-10,33.500023,33.875002,33.250034,33.500023,1119600,5.617742
1994-01-07,33.875002,33.875002,33.124999,33.250034,1175600,5.575821
1994-01-06,33.625016,34.250023,33.500023,33.875002,2174000,5.680624
1994-01-05,32.500032,33.750011,32.374996,33.500023,2568800,5.617742
1994-01-04,31.625036,32.75002,31.250014,32.250003,2076400,5.408122
1994-01-03,31.625036,32.250003,31.375007,31.50,2598800,5.282351
1993-12-31,32.000017,32.625027,31.875022,31.875022,877600,5.34524
1993-12-30,32.500032,32.500032,31.50,32.250003,1155200,5.408122
1993-12-29,31.375007,32.875013,31.250014,32.75002,2062400,5.491972
1993-12-28,31.50,31.750029,30.749998,31.375007,1166800,5.261391
1993-12-27,31.000026,31.50,31.000026,31.50,740800,5.282351
1993-12-23,31.000026,31.875022,30.875033,30.875033,1001600,5.177548
1993-12-22,30.500009,31.000026,29.875002,31.000026,2262000,5.198509
1993-12-21,30.375016,30.749998,29.999995,30.375016,1186800,5.093699
1993-12-20,30.250023,30.625004,29.999995,30.250023,1722400,5.072738
1993-12-17,30.500009,30.749998,30.250023,30.375016,1600800,5.093699
1993-12-16,30.500009,31.000026,30.250023,30.375016,1367200,5.093699
1993-12-15,30.12503,30.749998,29.999995,30.250023,2346000,5.072738
1993-12-14,29.999995,30.625004,29.999995,30.12503,2867600,5.051777
1993-12-13,30.375016,30.875033,29.875002,29.999995,2663200,5.03081
1993-12-10,29.999995,30.375016,29.750007,30.12503,2324000,5.051777
1993-12-09,29.750007,29.875002,29.375027,29.50002,2925600,4.946967
1993-12-08,29.124997,29.50002,29.000004,29.250034,3182400,4.905046
1993-12-07,29.124997,29.625013,28.750017,29.124997,4854000,4.884078
1993-12-06,29.124997,29.50002,28.875011,28.875011,5292400,4.842157
1993-12-03,29.875002,29.875002,29.250034,29.375027,2286800,4.926007
1993-12-02,30.500009,30.625004,29.250034,29.625013,4514800,4.967928
1993-12-01,30.875033,30.875033,30.375016,30.500009,2183600,5.114659
1993-11-30,31.000026,31.375007,30.625004,30.875033,3361200,5.177548
1993-11-29,31.625036,31.625036,29.999995,30.625004,4543600,5.13562
1993-11-26,33.250034,33.37503,31.50,31.625036,1161200,5.303319
1993-11-24,32.500032,33.37503,32.374996,33.250034,856000,5.575821
1993-11-23,33.500023,33.625016,32.500032,32.625027,1423200,5.42909
1993-11-22,33.37503,33.750011,33.250034,33.500023,1358400,5.574697
1993-11-19,34.625005,34.625005,33.124999,33.37503,4407600,5.553897
1993-11-18,35.875024,35.875024,34.500014,34.625005,1879600,5.761904
1993-11-17,34.125032,36.250006,33.750011,36.250006,2256800,6.032318
1993-11-16,34.250023,34.375019,33.500023,34.250023,2156000,5.699503
1993-11-15,34.625005,34.625005,34.000037,34.375019,594800,5.720304
1993-11-12,34.125032,34.625005,33.875002,34.625005,988000,5.761904
1993-11-11,34.875035,34.875035,34.000037,34.250023,1076800,5.699503
1993-11-10,33.500023,35.000026,33.37503,35.000026,2260800,5.82431
1993-11-09,34.500014,34.625005,34.125032,34.250023,1832000,5.699503
1993-11-08,34.500014,34.75,34.125032,34.500014,1130000,5.741104
1993-11-05,34.000037,34.500014,34.000037,34.500014,2169600,5.741104
1993-11-04,34.000037,34.250023,33.750011,34.125032,2645600,5.678704
1993-11-03,34.250023,34.500014,33.875002,34.000037,2293600,5.657903
1993-11-02,33.500023,34.500014,33.37503,34.250023,4672800,5.699503
1993-11-01,31.875022,32.875013,31.875022,32.374996,2941600,5.387482
1993-10-29,33.124999,33.124999,31.750029,31.875022,3974000,5.304282
1993-10-28,33.625016,33.625016,32.875013,33.124999,1482800,5.51229
1993-10-27,33.625016,33.625016,33.37503,33.37503,906800,5.553897
1993-10-26,34.000037,34.125032,33.500023,33.625016,919600,5.595497
1993-10-25,33.250034,33.875002,33.250034,33.875002,2929600,5.637097
1993-10-22,34.625005,34.625005,33.000006,33.000006,2251600,5.49149
1993-10-21,34.875035,34.875035,33.750011,34.625005,3377600,5.761904
1993-10-20,35.625038,35.750033,34.75,35.000026,2026000,5.82431
1993-10-19,36.250006,36.500036,35.500003,35.625038,3695600,5.928318
1993-10-18,35.000026,35.750033,34.250023,35.750033,3105600,5.949118
1993-10-15,35.375008,35.500003,34.75,35.250017,3008000,5.865911
1993-10-14,36.125011,36.250006,35.250017,35.250017,2428000,5.865911
1993-10-13,36.250006,36.750022,36.250006,36.250006,1847600,6.032318
1993-10-12,37.000008,37.000008,36.000019,36.250006,5370400,6.032318
1993-10-11,37.37503,37.500025,36.875013,36.875013,1398000,6.136325
1993-10-08,37.250039,37.750011,37.000008,37.37503,2786000,6.219532
1993-10-07,38.250028,38.250028,37.250039,37.250039,1444800,6.198732
1993-10-06,38.75,38.875036,37.875006,37.999998,1984400,6.323532
1993-10-05,38.875036,39.500003,38.75,39.000031,1971600,6.489946
1993-10-04,39.250017,39.875029,38.75,39.000031,3211600,6.489946
1993-10-01,37.999998,39.375012,37.750011,39.375012,5228000,6.552346
1993-09-30,37.250039,37.37503,36.500036,37.125004,2675600,6.177925
1993-09-29,35.000026,36.375001,34.875035,36.250006,2768800,6.032318
1993-09-28,35.250017,35.625038,34.75,34.75,1165200,5.782704
1993-09-27,34.75,35.875024,34.75,34.875035,1355600,5.803511
1993-09-24,33.875002,34.75,33.875002,34.75,932800,5.782704
1993-09-23,33.875002,34.000037,33.875002,34.000037,1519200,5.657903
1993-09-22,34.000037,34.250023,33.875002,33.875002,2319200,5.637097
1993-09-21,34.375019,34.500014,33.625016,33.875002,4114400,5.637097
1993-09-20,35.500003,35.500003,34.000037,34.125032,5418800,5.678704
1993-09-17,36.000019,36.125011,35.125021,35.375008,3603600,5.886711
1993-09-16,37.750011,37.750011,36.500036,36.750022,911200,6.115525
1993-09-15,37.500025,37.750011,37.000008,37.750011,2124400,6.281932
1993-09-14,37.000008,37.750011,36.750022,37.750011,1093600,6.281932
1993-09-13,36.750022,37.125004,36.500036,37.000008,1331200,6.157125
1993-09-10,38.125033,38.125033,36.500036,36.750022,2985600,6.115525
1993-09-09,38.625009,38.875036,37.875006,38.125033,846000,6.344339
1993-09-08,39.500003,39.500003,38.375019,38.625009,862400,6.427539
1993-09-07,40.500036,40.500036,39.375012,39.625038,784800,6.593953
1993-09-03,40.00002,40.500036,40.00002,40.375001,848400,6.718753
1993-09-02,40.375001,40.625031,40.125015,40.250006,1140000,6.697953
1993-09-01,40.250006,40.875018,40.125015,40.625031,1897600,6.76036
1993-08-31,40.00002,40.625031,39.625038,40.625031,2719200,6.76036
1993-08-30,40.250006,40.250006,39.500003,39.625038,794800,6.593953
1993-08-27,39.875029,40.375001,39.500003,40.125015,1133200,6.677153
1993-08-26,40.625031,40.625031,39.250017,39.625038,1513600,6.593953
1993-08-25,41.125004,41.250039,40.375001,40.500036,1048800,6.69796
1993-08-24,40.625031,41.125004,39.625038,41.125004,2338000,6.801318
1993-08-23,41.750012,42.250028,40.625031,40.750023,2956800,6.739303
1993-08-20,41.625021,42.000042,41.500025,41.875007,1682800,6.925355
1993-08-19,39.875029,42.000042,39.750033,41.625021,3360400,6.884011
1993-08-18,39.750033,40.00002,39.500003,39.750033,1375600,6.573923
1993-08-17,39.375012,39.750033,39.250017,39.500003,2109200,6.532573
1993-08-16,39.625038,39.625038,39.375012,39.500003,748400,6.532573
1993-08-13,39.750033,39.875029,39.000031,39.625038,631600,6.553251
1993-08-12,39.375012,39.875029,39.000031,39.750033,1552400,6.573923
1993-08-11,39.250017,39.500003,39.000031,39.125022,1107200,6.470558
1993-08-10,38.625009,39.500003,38.500014,39.500003,614400,6.532573
1993-08-09,38.625009,39.250017,38.625009,38.75,681600,6.408536
1993-08-06,39.250017,39.375012,38.625009,38.625009,203200,6.387865
1993-08-05,39.750033,39.875029,39.000031,39.250017,547200,6.49123
1993-08-04,39.000031,40.00002,39.000031,40.00002,2108400,6.615266
1993-08-03,39.750033,39.875029,39.125022,39.250017,1484000,6.49123
1993-08-02,39.625038,40.250006,39.125022,40.250006,996400,6.656609
1993-07-30,39.625038,40.00002,39.500003,39.625038,694400,6.553251
1993-07-29,39.875029,40.125015,39.625038,40.125015,1205600,6.635938
1993-07-28,39.500003,40.00002,39.375012,39.750033,1668000,6.573923
1993-07-27,39.000031,40.250006,39.000031,39.875029,2620400,6.594595
1993-07-26,37.875006,38.875036,37.875006,38.875036,1093200,6.429215
1993-07-23,37.37503,37.875006,37.37503,37.875006,746800,6.263828
1993-07-22,36.750022,37.625016,36.750022,37.500025,1135200,6.201813
1993-07-21,36.250006,36.875013,36.250006,36.750022,1200400,6.077777
1993-07-20,35.875024,36.250006,35.875024,36.125011,1196800,5.974411
1993-07-19,35.750033,36.250006,35.500003,35.500003,2528400,5.871046
1993-07-16,37.250039,37.37503,36.500036,36.500036,1635600,6.036433
1993-07-15,37.999998,38.125033,36.875013,37.250039,1158800,6.16047
1993-07-14,38.125033,38.875036,37.999998,37.999998,1818400,6.284499
1993-07-13,37.37503,38.375019,37.37503,38.125033,1224000,6.305178
1993-07-12,37.000008,37.500025,37.000008,37.500025,971600,6.201813
1993-07-09,37.37503,37.625016,36.750022,37.000008,1145200,6.11912
1993-07-08,36.875013,37.750011,36.875013,37.625016,992400,6.222484
1993-07-07,36.250006,36.875013,36.250006,36.500036,976400,6.036433
1993-07-06,36.375001,36.625027,36.250006,36.250006,784800,5.995083
1993-07-02,37.250039,37.250039,36.250006,36.625027,924400,6.057105
1993-07-01,37.999998,37.999998,37.125004,37.250039,871200,6.16047
1993-06-30,37.875006,38.125033,37.500025,38.125033,1177200,6.305178
1993-06-29,38.250028,38.75,38.125033,38.375019,1586800,6.346521
1993-06-28,37.37503,37.999998,37.37503,37.750011,1547600,6.243156
1993-06-25,37.999998,37.999998,36.625027,37.000008,1664400,6.11912
1993-06-24,37.999998,38.375019,37.875006,38.125033,1026400,6.305178
1993-06-23,39.125022,39.250017,37.999998,37.999998,1364400,6.284499
1993-06-22,39.375012,39.375012,38.75,39.375012,744800,6.511901
1993-06-21,39.000031,39.250017,38.75,39.250017,1383200,6.49123
1993-06-18,39.125022,39.625038,38.875036,38.875036,2316400,6.429215
1993-06-17,39.375012,39.625038,39.125022,39.250017,879600,6.49123
1993-06-16,38.75,39.125022,38.75,39.125022,996400,6.470558
1993-06-15,37.999998,38.875036,37.875006,38.75,2984400,6.408536
1993-06-14,37.999998,38.250028,37.750011,37.875006,3264000,6.263828
1993-06-11,40.250006,40.250006,37.500025,37.625016,3720400,6.222484
1993-06-10,40.500036,40.500036,40.125015,40.125015,856000,6.635938
1993-06-09,41.250039,41.375034,40.125015,40.500036,3066800,6.69796
1993-06-08,42.62501,42.62501,41.500025,41.500025,1340000,6.86334
1993-06-07,42.375023,42.87504,42.375023,42.500014,1237200,7.028719
1993-06-04,43.500008,43.500008,42.375023,42.62501,1671200,7.049391
1993-06-03,43.000031,44.000024,43.000031,43.625043,1351200,7.214778
1993-06-02,42.250028,43.625043,42.000042,43.000031,3404400,7.111413
1993-06-01,40.750023,42.750005,40.750023,42.375023,2332000,7.008048
1993-05-28,40.625031,40.625031,40.375001,40.625031,544800,6.718632
1993-05-27,40.875018,40.875018,40.375001,40.875018,937200,6.759975
1993-05-26,41.250039,41.500025,40.250006,41.000009,1441600,6.780646
1993-05-25,41.000009,41.625021,41.000009,41.125004,817600,6.759975
1993-05-24,40.625031,41.250039,40.625031,41.125004,660800,6.759975
1993-05-21,41.125004,42.000042,40.375001,40.375001,1488000,6.636692
1993-05-20,40.375001,41.250039,40.250006,41.250039,1245200,6.780528
1993-05-19,40.250006,40.500036,39.625038,40.500036,1548000,6.657245
1993-05-18,40.250006,40.250006,40.00002,40.250006,764000,6.616146
1993-05-17,40.125015,40.500036,39.625038,40.500036,879600,6.657245
1993-05-14,40.375001,41.125004,40.250006,40.375001,2438400,6.636692
1993-05-13,40.125015,40.750023,40.125015,40.375001,1780000,6.636692
1993-05-12,39.625038,40.750023,39.625038,40.375001,1903600,6.636692
1993-05-11,38.625009,39.375012,38.625009,39.250017,1118000,6.451772
1993-05-10,39.000031,39.125022,38.500014,38.625009,755200,6.349035
1993-05-07,39.125022,40.00002,38.375019,38.75,1287200,6.369581
1993-05-06,39.625038,39.750033,39.125022,39.375012,1398400,6.472318
1993-05-05,40.00002,40.250006,39.625038,39.625038,2111200,6.513416
1993-05-04,40.00002,40.500036,39.750033,40.00002,1255600,6.575054
1993-05-03,40.125015,40.125015,39.625038,40.00002,583200,6.575054
1993-04-30,39.875029,40.500036,39.125022,40.375001,1342000,6.636692
1993-04-29,41.000009,41.000009,40.00002,40.250006,1616800,6.616146
1993-04-28,38.875036,41.500025,38.875036,40.875018,4914800,6.718883
1993-04-27,37.999998,38.75,37.37503,38.75,1808800,6.369581
1993-04-26,37.750011,38.125033,37.37503,37.875006,2040800,6.225752
1993-04-23,37.500025,38.250028,37.500025,38.125033,1203600,6.266851
1993-04-22,38.500014,38.75,37.625016,37.999998,1094800,6.246298
1993-04-21,39.500003,39.750033,38.75,38.75,2335600,6.369581
1993-04-20,39.000031,39.750033,38.875036,39.750033,4095200,6.533962
1993-04-19,38.625009,39.125022,37.999998,39.000031,2474000,6.41068
1993-04-16,36.875013,38.875036,36.375001,38.375019,2923600,6.307943
1993-04-15,37.750011,37.875006,36.500036,36.750022,949200,6.040832
1993-04-14,37.750011,38.250028,37.500025,37.999998,1702800,6.246298
1993-04-13,36.750022,37.875006,36.625027,37.875006,2313600,6.225752
1993-04-12,37.250039,37.250039,36.500036,36.625027,921200,6.020286
1993-04-08,37.125004,37.250039,36.375001,37.000008,2018400,6.081924
1993-04-07,36.625027,37.250039,36.500036,37.000008,2997600,6.081924
1993-04-06,36.000019,37.000008,36.000019,36.250006,4665600,5.958641
1993-04-05,36.000019,36.250006,35.875024,35.875024,2492000,5.897003
1993-04-02,35.750033,35.875024,35.750033,35.750033,10227200,5.876457
1993-04-01,36.000019,36.250006,35.625038,36.125011,1139200,5.938095
1993-03-31,36.875013,36.875013,36.000019,36.250006,2883200,5.958641
1993-03-30,37.750011,38.375019,37.000008,37.125004,2733600,6.10247
1993-03-29,37.125004,37.999998,37.125004,37.750011,2862000,6.205206
1993-03-26,37.500025,37.875006,37.125004,37.125004,1804800,6.10247
1993-03-25,37.500025,37.750011,37.125004,37.625016,1651600,6.18466
1993-03-24,36.500036,37.500025,36.500036,37.250039,2222400,6.123023
1993-03-23,37.250039,37.625016,36.500036,36.500036,1502000,5.99974
1993-03-22,36.375001,37.250039,36.125011,37.125004,1854800,6.10247
1993-03-19,37.250039,37.37503,36.750022,37.000008,1662400,6.081924
1993-03-18,36.875013,37.125004,36.500036,36.875013,1145600,6.061377
1993-03-17,36.875013,37.250039,36.500036,36.750022,1960000,6.040832
1993-03-16,35.750033,37.250039,35.750033,36.750022,1292800,6.040832
1993-03-15,35.375008,36.000019,35.375008,35.875024,1035600,5.897003
1993-03-12,35.500003,35.875024,35.125021,35.375008,1200800,5.814812
1993-03-11,35.000026,35.500003,35.000026,35.500003,1433600,5.835358
1993-03-10,35.875024,36.000019,35.250017,35.250017,1447600,5.794266
1993-03-09,34.625005,36.500036,34.625005,36.000019,2127200,5.917549
1993-03-08,34.375019,35.250017,34.375019,34.875035,1156800,5.732628
1993-03-05,34.250023,34.875035,33.625016,34.375019,2365600,5.650437
1993-03-04,35.500003,35.875024,35.125021,35.250017,1739200,5.794266
1993-03-03,36.375001,36.500036,35.500003,35.750033,1575600,5.876457
1993-03-02,35.375008,36.500036,35.375008,36.375001,2452400,5.979187
1993-03-01,35.375008,35.750033,35.000026,35.625038,1263200,5.855911
1993-02-26,34.875035,35.375008,34.500014,35.125021,1463600,5.77372
1993-02-25,34.75,34.875035,34.000037,34.500014,1785600,5.670984
1993-02-24,35.000026,35.250017,34.250023,35.125021,1624800,5.732628
1993-02-23,36.000019,36.000019,34.625005,35.125021,2262400,5.732628
1993-02-22,35.750033,36.500036,35.500003,36.250006,2428400,5.916233
1993-02-19,33.750011,35.875024,33.124999,35.875024,5378800,5.855034
1993-02-18,33.000006,33.875002,32.875013,33.750011,2810400,5.508218
1993-02-17,32.12501,32.75002,32.12501,32.75002,1212000,5.345013
1993-02-16,32.000017,33.37503,32.000017,32.500032,2580400,5.304213
1993-02-12,32.75002,32.75002,31.625036,31.875022,1154000,5.202208
1993-02-11,33.000006,33.37503,32.75002,33.124999,1306400,5.406212
1993-02-10,33.000006,33.500023,32.625027,32.875013,2848800,5.365413
1993-02-09,33.500023,33.500023,32.250003,32.374996,1811600,5.283807
1993-02-08,32.500032,33.750011,32.500032,33.625016,4768800,5.487818
1993-02-05,30.875033,32.374996,30.749998,32.374996,1293200,5.283807
1993-02-04,30.12503,30.875033,30.12503,30.749998,816000,5.018596
1993-02-03,30.250023,30.375016,29.999995,30.250023,972000,4.936997
1993-02-02,29.999995,30.625004,29.999995,30.375016,1413200,4.957397
1993-02-01,28.875011,30.250023,28.875011,30.12503,1178800,4.916598
1993-01-29,29.625013,29.999995,29.000004,29.124997,1875600,4.753386
1993-01-28,28.500031,29.625013,27.875022,29.625013,1836000,4.834992
1993-01-27,29.124997,29.250034,28.500031,28.500031,1403200,4.651387
1993-01-26,29.375027,29.50002,29.000004,29.250034,1724400,4.773793
1993-01-25,27.250012,29.000004,27.250012,28.500031,2414400,4.651387
1993-01-22,26.749995,27.125019,26.375014,27.000024,1721200,4.406577
1993-01-21,26.500009,26.87503,26.250021,26.87503,1644000,4.386177
1993-01-20,27.000024,27.000024,26.375014,26.749995,1417600,4.36577
1993-01-19,26.87503,26.87503,26.250021,26.500009,1956000,4.324971
1993-01-18,27.000024,27.499998,26.375014,26.749995,2376400,4.36577
1993-01-15,27.375005,27.499998,27.000024,27.125019,2854800,4.426977
1993-01-14,27.125019,27.375005,27.000024,27.375005,3512800,4.467776
1993-01-13,26.625002,27.750026,26.625002,27.000024,3001200,4.406577
1993-01-12,26.500009,26.87503,26.500009,26.749995,2014800,4.36577
1993-01-11,26.250021,27.000024,26.250021,26.749995,1469200,4.36577
1993-01-08,27.375005,27.750026,25.750006,26.375014,4479600,4.304571
1993-01-07,28.250001,28.374994,27.000024,27.250012,2380800,4.447376
1993-01-06,28.125008,28.500031,27.750026,28.374994,1510000,4.630981
1993-01-05,28.750017,28.750017,27.875022,28.250001,1382000,4.610581
1993-01-04,29.000004,29.000004,28.500031,28.750017,812000,4.692187
1992-12-31,29.124997,29.625013,28.750017,28.750017,1628400,4.692187
1992-12-30,28.625024,29.375027,28.500031,29.124997,1029600,4.753386
1992-12-29,28.625024,29.375027,28.625024,28.750017,1858400,4.692187
1992-12-28,29.124997,29.250034,28.625024,28.750017,669200,4.692187
1992-12-24,29.375027,29.50002,29.000004,29.000004,416400,4.732986
1992-12-23,28.875011,29.375027,28.500031,29.124997,1129600,4.753386
1992-12-22,29.50002,29.50002,28.750017,28.875011,1198400,4.712587
1992-12-21,29.375027,29.375027,28.750017,29.250034,566000,4.773793
1992-12-18,29.50002,29.50002,29.124997,29.250034,1565200,4.773793
1992-12-17,29.250034,29.250034,28.625024,29.250034,1816800,4.773793
1992-12-16,28.875011,29.250034,28.750017,29.250034,1666400,4.773793
1992-12-15,28.374994,29.250034,28.374994,28.875011,693200,4.712587
1992-12-14,28.500031,28.625024,28.125008,28.500031,1457600,4.651387
1992-12-11,29.250034,29.250034,28.750017,28.750017,748400,4.692187
1992-12-10,28.000015,29.50002,27.875022,29.124997,2270400,4.753386
1992-12-09,29.000004,29.000004,27.750026,28.000015,5408800,4.569782
1992-12-08,29.50002,29.625013,28.750017,29.000004,4479600,4.732986
1992-12-07,29.124997,29.875002,29.124997,29.875002,783200,4.875791
1992-12-04,29.625013,29.625013,28.750017,29.375027,2979600,4.794192
1992-12-03,29.750007,29.875002,29.375027,29.625013,1388000,4.834992
1992-12-02,30.250023,30.250023,29.750007,29.999995,1096800,4.896191
1992-12-01,30.625004,30.749998,30.12503,30.12503,1248800,4.916598
1992-11-30,30.375016,30.749998,30.12503,30.375016,1147200,4.957397
1992-11-27,29.750007,30.250023,29.750007,29.999995,274000,4.896191
1992-11-25,30.625004,30.625004,29.250034,29.750007,1416400,4.855391
1992-11-24,30.500009,31.375007,30.375016,30.625004,895600,4.957397
1992-11-23,31.50,31.50,30.500009,30.500009,628800,4.937164
1992-11-20,30.875033,31.625036,30.625004,31.50,1232400,5.099036
1992-11-19,29.999995,30.749998,29.999995,30.375016,685200,4.91693
1992-11-18,29.999995,30.375016,29.875002,29.999995,1315600,4.856224
1992-11-17,29.875002,30.250023,29.50002,29.625013,914800,4.795524
1992-11-16,29.999995,30.375016,29.750007,29.875002,409200,4.835991
1992-11-13,30.500009,30.500009,29.625013,29.999995,992000,4.856224
1992-11-12,30.500009,30.500009,30.12503,30.375016,1258800,4.91693
1992-11-11,30.625004,31.250014,30.500009,30.500009,1641600,4.937164
1992-11-10,30.749998,31.375007,30.500009,30.749998,1528000,4.97763
1992-11-09,30.625004,30.875033,30.375016,30.625004,1158800,4.957397
1992-11-06,29.875002,30.875033,29.875002,30.500009,1666800,4.937164
1992-11-05,29.124997,29.875002,29.124997,29.875002,2152800,4.835991
1992-11-04,30.875033,30.875033,29.000004,29.124997,2666000,4.714585
1992-11-03,31.000026,31.000026,30.500009,31.000026,1125600,5.018103
1992-11-02,30.749998,31.125019,30.625004,30.875033,872000,4.99787
1992-10-30,31.000026,31.250014,30.625004,30.749998,840400,4.97763
1992-10-29,31.375007,31.375007,30.500009,30.625004,1478400,4.957397
1992-10-28,31.750029,31.750029,31.000026,31.250014,1043200,5.05857
1992-10-27,32.12501,32.374996,31.625036,31.750029,712800,5.139509
1992-10-26,32.374996,32.500032,32.000017,32.374996,397600,5.240676
1992-10-23,33.000006,33.000006,32.500032,32.625027,392000,5.281149
1992-10-22,32.625027,33.250034,32.625027,33.000006,568400,5.341848
1992-10-21,32.500032,32.75002,32.250003,32.625027,1133200,5.281149
1992-10-20,33.124999,33.37503,32.374996,32.75002,1207600,5.301382
1992-10-19,32.250003,33.250034,32.12501,33.250034,1104000,5.382322
1992-10-16,31.250014,32.12501,31.125019,32.12501,790800,5.200209
1992-10-15,31.625036,31.875022,31.250014,31.250014,361600,5.05857
1992-10-14,31.750029,32.000017,31.250014,31.750029,1026800,5.139509
1992-10-13,32.250003,32.250003,31.625036,31.625036,1499200,5.119276
1992-10-12,30.875033,32.250003,30.875033,32.250003,939600,5.220442
1992-10-09,31.750029,31.750029,30.375016,30.625004,1689600,4.957397
1992-10-08,32.000017,32.250003,31.625036,31.625036,1388800,5.119276
1992-10-07,31.625036,32.12501,31.625036,31.875022,1302000,5.159743
1992-10-06,32.250003,32.500032,31.250014,31.50,1525600,5.099036
1992-10-05,33.000006,33.000006,31.000026,32.500032,1516400,5.260915
1992-10-02,33.750011,33.875002,33.124999,33.124999,1208800,5.362082
1992-10-01,34.375019,34.875035,33.750011,34.000037,1599200,5.503728
1992-09-30,33.750011,34.625005,33.750011,34.250023,3312800,5.544194
1992-09-29,33.124999,33.500023,32.875013,33.500023,489600,5.422788
1992-09-28,32.12501,33.250034,32.12501,33.000006,1101200,5.341848
1992-09-25,33.500023,33.500023,32.250003,32.500032,1177600,5.260915
1992-09-24,34.000037,34.250023,33.124999,33.124999,1321600,5.362082
1992-09-23,33.625016,34.250023,33.500023,33.875002,1823200,5.483488
1992-09-22,33.875002,34.500014,33.124999,33.625016,2163600,5.443021
1992-09-21,34.000037,34.125032,33.500023,33.875002,2883200,5.483488
1992-09-18,36.750022,36.750022,35.500003,35.500003,2302000,5.746533
1992-09-17,36.625027,36.750022,36.250006,36.500036,1083600,5.908413
1992-09-16,35.875024,36.875013,35.875024,36.500036,1541600,5.908413
1992-09-15,35.750033,36.500036,35.500003,36.375001,1908000,5.888173
1992-09-14,35.750033,36.250006,35.750033,36.125011,3442800,5.847706
1992-09-11,36.125011,36.125011,35.500003,35.500003,2128800,5.746533
1992-09-10,35.000026,36.375001,35.000026,36.250006,3479200,5.867939
1992-09-09,34.875035,35.250017,34.625005,34.875035,2606800,5.645367
1992-09-08,34.250023,35.125021,34.125032,35.000026,2702000,5.6656
1992-09-04,34.875035,34.875035,34.125032,34.250023,1058800,5.544194
1992-09-03,34.250023,34.875035,34.250023,34.875035,2728800,5.645367
1992-09-02,34.375019,34.375019,33.875002,33.875002,2760400,5.483488
1992-09-01,34.625005,34.625005,34.000037,34.250023,2284800,5.544194
1992-08-31,35.500003,35.500003,34.625005,34.75,5247600,5.625127
1992-08-28,32.875013,35.500003,32.875013,35.500003,5402800,5.746533
1992-08-27,33.250034,33.250034,32.625027,32.75002,1798800,5.301382
1992-08-26,33.250034,33.750011,33.124999,33.500023,1746400,5.382322
1992-08-25,32.250003,33.500023,32.250003,33.250034,2576800,5.342157
1992-08-24,31.875022,32.374996,31.250014,32.374996,1553200,5.201568
1992-08-21,32.75002,33.000006,31.750029,32.12501,1180800,5.161404
1992-08-20,32.75002,33.000006,32.75002,32.75002,3440400,5.261822
1992-08-19,33.000006,33.124999,32.374996,32.875013,2183200,5.281904
1992-08-18,33.000006,33.124999,32.75002,33.000006,1367600,5.301986
1992-08-17,33.000006,33.625016,33.000006,33.124999,1392400,5.322068
1992-08-14,33.37503,33.500023,32.875013,33.37503,1684800,5.36224
1992-08-13,32.75002,33.750011,32.75002,33.625016,2644400,5.402404
1992-08-12,32.374996,33.500023,32.374996,32.75002,2740000,5.261822
1992-08-11,32.500032,32.625027,32.250003,32.374996,2450000,5.201568
1992-08-10,32.500032,32.75002,32.000017,32.500032,2742800,5.221657
1992-08-07,32.75002,33.750011,32.500032,33.000006,3156400,5.301986
1992-08-06,32.374996,32.500032,32.12501,32.374996,2037600,5.201568
1992-08-05,32.12501,32.75002,32.12501,32.500032,2529200,5.221657
1992-08-04,32.250003,32.374996,31.625036,32.12501,1884400,5.161404
1992-08-03,31.50,32.250003,31.50,32.250003,1246400,5.181486
1992-07-31,31.875022,32.000017,31.250014,31.625036,3559200,5.081075
1992-07-30,31.625036,32.12501,31.50,32.12501,1556800,5.161404
1992-07-29,31.375007,32.000017,31.000026,31.875022,3740800,5.121239
1992-07-28,30.500009,31.375007,30.500009,31.375007,1854000,5.040904
1992-07-27,30.12503,31.000026,29.999995,30.625004,2816800,4.920404
1992-07-24,29.250034,30.625004,29.124997,30.375016,3300400,4.880239
1992-07-23,29.750007,29.750007,29.375027,29.625013,1920000,4.759739
1992-07-22,29.375027,29.625013,28.750017,29.50002,1434000,4.739657
1992-07-21,28.625024,29.750007,28.625024,29.50002,4014000,4.739657
1992-07-20,27.750026,28.374994,27.499998,28.374994,2184400,4.558903
1992-07-17,27.875022,28.125008,27.250012,28.125008,3008000,4.518739
1992-07-16,28.000015,28.250001,27.625033,28.000015,1146000,4.498656
1992-07-15,28.750017,28.750017,28.000015,28.000015,5148800,4.498656
1992-07-14,26.87503,28.875011,26.87503,28.625024,3682400,4.599074
1992-07-13,26.375014,27.000024,26.250021,26.749995,1118400,4.297821
1992-07-10,26.375014,26.625002,26.250021,26.375014,572400,4.237574
1992-07-09,25.999992,26.375014,25.874999,26.375014,1647200,4.237574
1992-07-08,25.874999,25.999992,25.500018,25.750006,2121600,4.137156
1992-07-07,27.125019,27.250012,25.999992,26.125028,1970000,4.197409
1992-07-06,27.499998,27.625033,26.87503,27.250012,1103600,4.378156
1992-07-02,26.87503,27.875022,25.874999,27.625033,2149200,4.43841
1992-07-01,26.625002,27.125019,26.500009,27.125019,966400,4.358074
1992-06-30,26.749995,27.125019,26.375014,26.625002,1481200,4.277738
1992-06-29,26.250021,26.87503,26.125028,26.749995,928400,4.297821
1992-06-26,25.999992,26.375014,25.874999,26.125028,1632800,4.197409
1992-06-25,27.125019,27.250012,25.874999,25.874999,2328800,4.157238
1992-06-24,27.375005,27.375005,26.87503,26.87503,651200,4.317909
1992-06-23,27.375005,27.625033,27.125019,27.499998,1019600,4.418321
1992-06-22,27.750026,28.000015,26.87503,27.375005,1227600,4.398239
1992-06-19,27.499998,27.625033,27.250012,27.625033,1610800,4.43841
1992-06-18,27.875022,28.000015,27.499998,27.499998,699600,4.418321
1992-06-17,28.875011,28.875011,27.750026,27.750026,1079600,4.458492
1992-06-16,29.000004,29.50002,28.750017,28.750017,2239200,4.619157
1992-06-15,28.750017,29.375027,28.625024,29.250034,1341600,4.699492
1992-06-12,28.500031,29.124997,28.125008,29.124997,1298400,4.679403
1992-06-11,28.500031,29.000004,28.500031,28.750017,2701600,4.619157
1992-06-10,27.750026,28.625024,27.750026,28.500031,1800800,4.578992
1992-06-09,28.250001,28.250001,27.375005,27.750026,3160400,4.458492
1992-06-08,28.625024,28.750017,28.000015,28.250001,1117200,4.538821
1992-06-05,29.250034,29.250034,28.250001,28.750017,2164800,4.619157
1992-06-04,29.999995,30.375016,29.250034,29.250034,3881200,4.699492
1992-06-03,29.000004,29.999995,28.750017,29.750007,3608000,4.779821
1992-06-02,29.250034,29.375027,28.750017,29.124997,1367600,4.679403
1992-06-01,29.000004,29.124997,28.125008,28.750017,1302000,4.619157
1992-05-29,29.250034,29.250034,28.500031,29.000004,1874400,4.659321
1992-05-28,29.124997,29.50002,29.000004,29.250034,1691600,4.699492
1992-05-27,29.625013,29.999995,29.000004,29.000004,3987200,4.619157
1992-05-26,31.50,31.50,29.875002,29.875002,16064800,4.758527
1992-05-22,27.625033,29.375027,27.625033,29.250034,4459200,4.658982
1992-05-21,27.499998,28.000015,27.125019,27.499998,3497600,4.380234
1992-05-20,26.87503,27.250012,26.749995,27.000024,1988000,4.300597
1992-05-19,27.375005,27.499998,26.500009,26.87503,2354400,4.280688
1992-05-18,27.000024,27.375005,27.000024,27.375005,851600,4.360325
1992-05-15,27.000024,27.375005,26.87503,26.87503,1593600,4.280688
1992-05-14,27.000024,27.250012,26.749995,27.125019,1688400,4.320507
1992-05-13,27.000024,27.125019,26.87503,26.87503,1041200,4.280688
1992-05-12,27.125019,27.250012,26.500009,26.87503,1579200,4.280688
1992-05-11,27.625033,27.875022,27.125019,27.250012,1620800,4.340416
1992-05-08,28.250001,28.374994,27.750026,27.750026,3763200,4.420059
1992-05-07,27.375005,28.750017,27.250012,28.500031,3725600,4.53952
1992-05-06,27.250012,27.375005,26.87503,27.125019,2426400,4.320507
1992-05-05,27.250012,27.375005,26.625002,27.375005,3560000,4.360325
1992-05-04,26.749995,26.87503,26.125028,26.749995,1871200,4.260772
1992-05-01,25.625011,26.87503,25.500018,26.625002,2862800,4.240863
1992-04-30,24.500029,25.250032,24.500029,25.250032,2600800,4.021856
1992-04-29,25.250032,25.375025,24.000012,24.000012,2243200,3.822752
1992-04-28,24.875008,26.125028,24.750015,25.250032,3539200,4.021856
1992-04-27,24.875008,25.625011,24.750015,24.750015,3982400,3.942213
1992-04-24,23.250009,25.500018,23.125016,25.250032,5828800,4.021856
1992-04-23,23.250009,23.375003,22.875028,23.125016,1327200,3.683381
1992-04-22,23.250009,23.625031,23.125016,23.250009,1694400,3.70329
1992-04-21,23.000023,23.250009,22.749993,22.875028,1188800,3.643563
1992-04-20,23.250009,23.375003,22.875028,23.250009,1023200,3.70329
1992-04-16,23.499996,23.750026,23.125016,23.375003,1143200,3.723199
1992-04-15,22.875028,23.499996,22.625,23.499996,2400000,3.743108
1992-04-14,22.749993,23.250009,22.625,22.625,2645600,3.603738
1992-04-13,22.375013,23.125016,22.375013,23.000023,3344400,3.663472
1992-04-10,22.500007,23.000023,21.750004,22.375013,3022000,3.56392
1992-04-09,21.99999,22.500007,21.874997,22.250018,2706400,3.544011
1992-04-08,23.000023,23.000023,21.874997,22.250018,3787600,3.544011
1992-04-07,24.374994,24.374994,22.875028,23.000023,2820400,3.663472
1992-04-06,23.625031,24.625022,23.250009,24.500029,4684400,3.902395
1992-04-03,22.625,23.375003,21.874997,23.250009,5486000,3.70329
1992-04-02,22.749993,22.875028,22.500007,22.749993,1126400,3.623647
1992-04-01,22.875028,23.125016,22.375013,22.875028,1363600,3.643563
1992-03-31,23.000023,23.499996,22.749993,23.000023,2220400,3.663472
1992-03-30,23.375003,23.499996,22.875028,23.000023,1707200,3.663472
1992-03-27,23.499996,23.499996,23.000023,23.125016,1308800,3.683381
1992-03-26,23.499996,23.875019,23.499996,23.499996,1754000,3.743108
1992-03-25,23.875019,24.249999,23.750026,23.750026,2822000,3.782934
1992-03-24,24.125005,24.249999,23.499996,23.750026,2724400,3.782934
1992-03-23,24.750015,24.875008,24.125005,24.249999,3630800,3.86257
1992-03-20,24.875008,25.000001,24.625022,24.750015,1962000,3.942213
1992-03-19,25.625011,25.750006,24.625022,24.750015,2777200,3.942213
1992-03-18,25.750006,25.874999,25.375025,25.625011,2974800,4.081584
1992-03-17,25.625011,26.250021,25.625011,25.750006,697200,4.101493
1992-03-16,26.125028,26.250021,25.500018,25.500018,1304000,4.061675
1992-03-13,25.874999,26.375014,25.750006,26.375014,1568400,4.201045
1992-03-12,25.874999,26.250021,25.625011,25.999992,2486000,4.141311
1992-03-11,26.250021,26.749995,25.500018,25.750006,3393200,4.101493
1992-03-10,27.250012,27.250012,26.749995,26.749995,1553600,4.260772
1992-03-09,27.499998,27.625033,27.125019,27.250012,1296400,4.340416
1992-03-06,27.375005,28.000015,27.125019,27.750026,1404000,4.420059
1992-03-05,27.250012,27.750026,27.125019,27.250012,1756800,4.340416
1992-03-04,28.125008,28.125008,27.250012,27.250012,884400,4.340416
1992-03-03,27.625033,28.250001,27.250012,28.000015,1929600,4.459877
1992-03-02,27.250012,27.875022,27.125019,27.750026,654000,4.420059
1992-02-28,27.250012,27.875022,27.250012,27.499998,1034400,4.380234
1992-02-27,27.250012,27.250012,27.000024,27.250012,728000,4.340416
1992-02-26,27.625033,27.750026,27.375005,27.375005,1132400,4.320507
1992-02-25,27.625033,27.750026,27.250012,27.625033,936400,4.359968
1992-02-24,27.750026,28.125008,27.375005,27.875022,1576400,4.399422
1992-02-21,27.625033,28.000015,27.625033,27.750026,1622800,4.379695
1992-02-20,27.750026,28.000015,27.625033,28.000015,1160400,4.41915
1992-02-19,27.625033,27.875022,27.499998,27.499998,1317600,4.340234
1992-02-18,27.875022,27.875022,27.625033,27.625033,966800,4.359968
1992-02-14,27.750026,28.374994,27.625033,27.875022,715600,4.399422
1992-02-13,28.750017,28.875011,27.875022,28.000015,1311200,4.41915
1992-02-12,28.000015,28.500031,27.499998,28.374994,1310400,4.478332
1992-02-11,28.500031,28.625024,27.625033,28.000015,2726400,4.41915
1992-02-10,28.000015,28.500031,27.750026,28.374994,3409600,4.478332
1992-02-07,26.500009,27.375005,26.375014,27.250012,3983200,4.300779
1992-02-06,25.874999,27.000024,25.750006,26.749995,2694000,4.221863
1992-02-05,26.375014,26.500009,25.500018,25.874999,3219200,4.083766
1992-02-04,26.250021,26.500009,26.125028,26.375014,3718000,4.162681
1992-02-03,26.375014,26.375014,25.999992,26.125028,3210000,4.123227
1992-01-31,27.499998,27.499998,26.250021,26.375014,3675200,4.162681
1992-01-30,27.125019,27.625033,26.87503,27.375005,1364400,4.320507
1992-01-29,27.375005,27.750026,26.749995,27.125019,1408800,4.281052
1992-01-28,26.87503,27.750026,26.749995,27.250012,2114800,4.300779
1992-01-27,27.125019,27.375005,26.749995,27.000024,2265200,4.261324
1992-01-24,27.499998,28.125008,26.749995,27.000024,8584400,4.261324
1992-01-23,29.999995,29.999995,29.000004,29.000004,1689200,4.576975
1992-01-22,29.875002,30.500009,29.875002,30.12503,2140000,4.754534
1992-01-21,29.000004,29.875002,28.750017,29.750007,2122800,4.695345
1992-01-20,29.000004,30.375016,28.625024,29.250034,2806400,4.616436
1992-01-17,29.875002,29.875002,29.124997,29.50002,2309600,4.655891
1992-01-16,28.875011,29.999995,28.750017,29.625013,2540800,4.675618
1992-01-15,28.374994,29.625013,28.374994,29.000004,2726800,4.576975
1992-01-14,28.250001,28.500031,27.875022,28.125008,2011600,4.438877
1992-01-13,26.87503,28.000015,26.87503,27.750026,1987600,4.379695
1992-01-10,26.250021,27.000024,25.999992,27.000024,3220000,4.261324
1992-01-09,26.250021,27.250012,26.125028,26.375014,3508800,4.162681
1992-01-08,26.500009,26.749995,26.250021,26.625002,4418800,4.202136
1992-01-07,28.000015,28.000015,26.749995,26.87503,5303600,4.241597
1992-01-06,29.000004,29.124997,27.750026,28.000015,3689600,4.41915
1992-01-03,30.250023,30.250023,29.250034,29.750007,1570800,4.695345
1992-01-02,28.500031,30.500009,28.374994,30.500009,2105200,4.813716
1991-12-31,28.875011,29.250034,27.875022,28.500031,2586400,4.498066
1991-12-30,28.125008,29.250034,28.125008,29.124997,4678800,4.596702
1991-12-27,28.625024,28.750017,27.499998,28.125008,1118800,4.438877
1991-12-26,28.374994,29.000004,27.375005,28.750017,1715600,4.53752
1991-12-24,27.000024,28.250001,26.625002,28.250001,2120800,4.458604
1991-12-23,25.874999,27.375005,25.750006,27.125019,2394400,4.281052
1991-12-20,26.125028,26.375014,25.500018,25.874999,4077600,4.083766
1991-12-19,26.500009,26.87503,25.750006,25.750006,3577600,4.064038
1991-12-18,27.625033,27.750026,26.625002,26.87503,2352000,4.241597
1991-12-17,27.375005,27.875022,27.125019,27.625033,2076000,4.359968
1991-12-16,28.875011,28.875011,27.250012,27.250012,3632400,4.300779
1991-12-13,29.124997,29.50002,28.500031,29.000004,2302400,4.576975
1991-12-12,28.875011,29.250034,28.374994,29.124997,1699600,4.596702
1991-12-11,29.875002,30.250023,28.625024,29.250034,1718000,4.616436
1991-12-10,29.875002,30.250023,29.750007,29.875002,1337200,4.715073
1991-12-09,30.12503,30.500009,29.50002,29.875002,1814400,4.715073
1991-12-06,29.50002,30.625004,29.50002,30.12503,2881200,4.754534
1991-12-05,29.625013,29.875002,29.375027,29.625013,917200,4.675618
1991-12-04,29.875002,30.12503,29.250034,29.750007,1904400,4.695345
1991-12-03,29.999995,30.500009,29.750007,29.750007,2499600,4.695345
1991-12-02,29.750007,30.250023,29.250034,30.250023,1152800,4.774261
1991-11-29,29.999995,30.12503,29.124997,29.875002,602000,4.715073
1991-11-27,30.625004,30.625004,29.875002,30.12503,1661600,4.754534
1991-11-26,30.749998,31.000026,29.999995,30.625004,1425600,4.833443
1991-11-25,31.625036,31.750029,30.375016,30.625004,1417600,4.833443
1991-11-22,31.50,32.000017,31.250014,31.875022,2381200,5.030729
1991-11-21,31.50,31.875022,31.000026,31.625036,2900000,4.991275
1991-11-20,32.75002,33.000006,31.375007,31.750029,2036800,5.011002
1991-11-19,32.75002,33.000006,31.625036,32.75002,2884800,5.129373
1991-11-18,34.000037,34.125032,33.37503,33.500023,2133200,5.24684
1991-11-15,33.500023,34.250023,33.37503,33.875002,5437200,5.30557
1991-11-14,33.250034,33.500023,32.875013,33.250034,2112800,5.207686
1991-11-13,33.500023,33.750011,33.000006,33.37503,1882800,5.227263
1991-11-12,34.000037,34.375019,33.500023,33.500023,1212400,5.24684
1991-11-11,34.000037,34.375019,33.500023,33.750011,641600,5.285993
1991-11-08,34.875035,34.875035,33.625016,33.750011,999200,5.285993
1991-11-07,34.875035,35.125021,34.625005,34.75,2033600,5.442613
1991-11-06,34.75,34.875035,33.750011,34.875035,1274400,5.462197
1991-11-05,33.625016,35.000026,33.625016,34.500014,2509600,5.40346
1991-11-04,33.000006,34.250023,32.875013,33.124999,1810800,5.188103
1991-11-01,33.875002,33.875002,33.124999,33.500023,842000,5.24684
1991-10-31,34.375019,34.500014,33.000006,33.750011,1574000,5.285993
1991-10-30,34.000037,34.375019,34.000037,34.375019,765200,5.383883
1991-10-29,34.500014,34.500014,34.000037,34.250023,757200,5.364306
1991-10-28,34.000037,34.75,33.875002,34.500014,1423600,5.40346
1991-10-25,33.875002,34.125032,33.625016,34.000037,1314800,5.325153
1991-10-24,33.500023,34.125032,33.500023,33.875002,2517600,5.30557
1991-10-23,34.375019,35.000026,33.124999,33.250034,2092800,5.207686
1991-10-22,34.500014,35.250017,34.250023,34.375019,1391600,5.383883
1991-10-21,35.000026,35.000026,34.250023,34.500014,421200,5.40346
1991-10-18,35.375008,35.500003,34.500014,35.000026,1395600,5.481773
1991-10-17,34.625005,35.375008,34.250023,35.250017,1934800,5.520927
1991-10-16,34.250023,34.75,34.125032,34.75,1402000,5.442613
1991-10-15,34.875035,35.000026,34.375019,34.625005,2079200,5.423036
1991-10-14,33.250034,35.125021,33.124999,35.125021,1777600,5.50135
1991-10-11,33.37503,33.750011,32.875013,33.250034,1671600,5.207686
1991-10-10,32.75002,33.37503,32.625027,33.37503,2552800,5.227263
1991-10-09,32.75002,33.250034,32.625027,32.75002,3038000,5.129373
1991-10-08,33.625016,33.875002,32.75002,32.75002,1198800,5.129373
1991-10-07,33.250034,33.750011,33.000006,33.500023,1610800,5.24684
1991-10-04,33.250034,33.250034,32.75002,33.000006,1138400,5.168526
1991-10-03,33.750011,33.750011,33.124999,33.124999,1712400,5.188103
1991-10-02,33.875002,34.375019,33.750011,33.750011,1707200,5.285993
1991-10-01,34.125032,34.500014,33.750011,33.875002,2351200,5.30557
1991-09-30,34.125032,34.500014,34.000037,34.125032,1354800,5.34473
1991-09-27,34.125032,34.625005,34.125032,34.125032,1129200,5.34473
1991-09-26,33.750011,34.250023,33.625016,33.875002,1374000,5.30557
1991-09-25,34.375019,34.625005,33.750011,33.750011,1248400,5.285993
1991-09-24,33.37503,34.375019,33.124999,34.250023,2630400,5.364306
1991-09-23,34.000037,34.375019,33.000006,33.000006,2419200,5.168526
1991-09-20,34.75,34.75,33.875002,34.000037,3685200,5.325153
1991-09-19,35.500003,35.625038,34.500014,34.500014,2388400,5.40346
1991-09-18,34.250023,35.875024,33.875002,35.625038,3231600,5.579664
1991-09-17,34.75,35.125021,34.125032,34.250023,1994000,5.364306
1991-09-16,35.375008,35.375008,34.375019,34.75,2312000,5.442613
1991-09-13,36.375001,36.500036,35.250017,35.500003,1684800,5.56008
1991-09-12,35.625038,36.125011,35.375008,36.125011,1903600,5.65797
1991-09-11,35.750033,35.750033,34.875035,35.250017,2311200,5.520927
1991-09-10,35.875024,35.875024,35.000026,35.500003,2446400,5.56008
1991-09-09,36.625027,37.000008,36.000019,36.125011,1267600,5.65797
1991-09-06,37.500025,37.625016,36.625027,36.750022,2202000,5.755861
1991-09-05,37.999998,38.250028,37.625016,37.875006,984400,5.932058
1991-09-04,37.875006,38.250028,37.125004,38.250028,1290000,5.990795
1991-09-03,38.875036,39.375012,37.750011,37.875006,2890400,5.932058
1991-08-30,39.125022,39.750033,39.000031,39.125022,1577600,6.127838
1991-08-29,39.625038,39.750033,38.875036,39.125022,1090400,6.127838
1991-08-28,39.625038,39.750033,39.250017,39.500003,840000,6.186568
1991-08-27,40.00002,40.250006,39.625038,40.00002,2342400,6.225728
1991-08-26,39.375012,40.250006,38.625009,39.875029,2456000,6.206274
1991-08-23,39.250017,40.00002,39.250017,39.500003,2604400,6.147904
1991-08-22,40.125015,40.375001,39.000031,39.625038,4972800,6.167365
1991-08-21,37.875006,38.875036,37.750011,38.75,1924400,6.031171
1991-08-20,37.250039,37.37503,36.875013,37.125004,876000,5.778252
1991-08-19,36.500036,37.250039,36.125011,36.875013,1891200,5.739342
1991-08-16,38.625009,38.625009,37.37503,37.750011,1470400,5.87553
1991-08-15,38.500014,38.875036,38.375019,38.625009,1432800,6.011717
1991-08-14,37.37503,38.375019,37.37503,38.250028,1312400,5.953354
1991-08-13,37.500025,37.875006,37.125004,37.125004,1989600,5.778252
1991-08-12,37.875006,37.875006,37.125004,37.125004,1047200,5.778252
1991-08-09,38.375019,38.375019,37.250039,37.500025,1827600,5.836621
1991-08-08,39.625038,39.625038,38.625009,38.875036,564800,6.050632
1991-08-07,40.00002,40.125015,39.375012,39.500003,1125200,6.147904
1991-08-06,39.750033,40.00002,39.625038,39.625038,744400,6.167365
1991-08-05,40.00002,40.625031,39.625038,39.750033,758400,6.18682
1991-08-02,41.500025,41.750012,40.125015,40.125015,1658400,6.245183
1991-08-01,39.500003,40.750023,39.375012,40.750023,1325600,6.342461
1991-07-31,40.00002,40.125015,39.250017,39.500003,1306800,6.147904
1991-07-30,38.625009,39.875029,38.500014,39.750033,1300400,6.18682
1991-07-29,37.37503,38.875036,37.37503,38.625009,1499600,6.011717
1991-07-26,37.875006,37.875006,37.000008,37.37503,1126000,5.817167
1991-07-25,38.125033,38.500014,37.500025,38.125033,1186800,5.933899
1991-07-24,38.875036,39.000031,37.625016,38.250028,1768400,5.953354
1991-07-23,40.625031,40.875018,39.000031,39.000031,2251200,6.070087
1991-07-22,41.000009,41.000009,40.125015,40.750023,1127200,6.342461
1991-07-19,40.500036,41.125004,40.125015,41.000009,1758400,6.38137
1991-07-18,39.750033,40.750023,39.625038,40.500036,3125600,6.303552
1991-07-17,37.625016,39.750033,37.625016,39.500003,4497200,6.147904
1991-07-16,38.500014,38.500014,37.625016,37.625016,2264400,5.856075
1991-07-15,38.125033,38.625009,37.625016,38.375019,1288000,5.972808
1991-07-12,37.37503,38.250028,37.125004,38.250028,2252400,5.953354
1991-07-11,36.375001,37.125004,36.250006,37.000008,2104400,5.758797
1991-07-10,36.375001,36.375001,35.750033,36.000019,2348800,5.603156
1991-07-09,35.500003,36.500036,35.375008,36.000019,2587200,5.603156
1991-07-08,35.000026,36.375001,34.75,36.250006,1774400,5.642064
1991-07-05,35.250017,35.500003,34.75,35.250017,785200,5.486423
1991-07-03,36.375001,36.500036,34.75,35.250017,2178400,5.486423
1991-07-02,36.375001,36.750022,36.125011,36.375001,1672800,5.661519
1991-07-01,36.875013,37.500025,36.000019,36.625027,2698800,5.700434
1991-06-28,36.625027,36.875013,35.750033,36.500036,2500000,5.68098
1991-06-27,37.999998,38.250028,37.000008,37.000008,2412800,5.758797
1991-06-26,37.500025,37.875006,37.000008,37.500025,2673600,5.836621
1991-06-25,37.500025,37.750011,36.875013,37.500025,3122400,5.836621
1991-06-24,38.75,38.875036,37.625016,37.625016,3116000,5.856075
1991-06-21,38.125033,39.250017,38.125033,39.125022,2575200,6.089541
1991-06-20,38.875036,38.875036,37.999998,37.999998,2943600,5.914438
1991-06-19,40.500036,40.500036,38.75,39.125022,3762000,6.089541
1991-06-18,40.500036,41.000009,40.500036,40.500036,973200,6.303552
1991-06-17,40.375001,41.250039,40.375001,40.500036,3320400,6.303552
1991-06-14,41.000009,41.000009,39.875029,40.125015,3907600,6.245183
1991-06-13,40.875018,41.125004,40.250006,40.750023,2841200,6.342461
1991-06-12,42.750005,42.750005,40.875018,41.125004,1899200,6.400824
1991-06-11,43.000031,43.125026,42.62501,42.62501,1180400,6.63429
1991-06-10,43.625043,44.000024,42.87504,43.000031,1018000,6.692659
1991-06-07,43.875029,44.125015,43.000031,43.875029,851600,6.828847
1991-06-06,44.750027,44.750027,44.000024,44.000024,608000,6.848301
1991-06-05,45.375035,45.375035,44.375002,44.500037,854800,6.926125
1991-06-04,45.25004,45.375035,44.750027,45.375035,1264000,7.062312
1991-06-03,45.125004,45.875007,44.750027,45.375035,2530400,7.062312
1991-05-31,44.000024,44.875018,43.875029,44.875018,2924400,6.984488
1991-05-30,42.500014,43.875029,42.375023,43.625043,1832400,6.789938
1991-05-29,42.250028,42.500014,41.875007,42.500014,1746800,6.575927
1991-05-28,42.375023,42.750005,42.125037,42.500014,1455200,6.575927
1991-05-24,41.625021,42.250028,41.500025,42.250028,1721200,6.537247
1991-05-23,43.000031,43.000031,41.000009,41.500025,2260800,6.421201
1991-05-22,42.87504,43.375012,42.62501,43.125026,2686000,6.672633
1991-05-21,42.375023,43.000031,42.250028,42.62501,968000,6.595267
1991-05-20,42.87504,43.125026,42.250028,42.375023,786000,6.556587
1991-05-17,42.125037,42.87504,42.000042,42.87504,1306400,6.633953
1991-05-16,41.750012,42.250028,41.250039,42.250028,1166800,6.537247
1991-05-15,41.750012,42.375023,40.750023,41.500025,1360000,6.421201
1991-05-14,42.87504,43.250021,41.750012,42.000042,1301200,6.498567
1991-05-13,43.875029,43.875029,42.62501,43.375012,818800,6.711313
1991-05-10,43.625043,44.375002,43.250021,43.250021,1979600,6.691973
1991-05-09,43.125026,43.875029,43.125026,43.625043,1674800,6.75
1991-05-08,42.250028,43.625043,42.000042,43.000031,2122000,6.653293
1991-05-07,42.500014,42.500014,42.000042,42.000042,1500000,6.498567
1991-05-06,42.750005,42.87504,42.125037,42.250028,1512000,6.537247
1991-05-03,43.250021,43.625043,42.62501,42.62501,2203600,6.595267
1991-05-02,42.250028,43.375012,42.250028,43.250021,2150400,6.691973
1991-05-01,41.500025,42.87504,41.375034,41.875007,2518800,6.479221
1991-04-30,42.000042,42.125037,41.000009,41.500025,2776000,6.421201
1991-04-29,42.250028,42.62501,42.000042,42.125037,2196800,6.517907
1991-04-26,43.750034,43.750034,42.125037,42.125037,1888000,6.517907
1991-04-25,44.625032,45.000013,44.000024,44.000024,1832400,6.80802
1991-04-24,43.875029,44.875018,43.875029,44.500037,1857600,6.885385
1991-04-23,44.375002,44.625032,43.375012,44.000024,2039200,6.80802
1991-04-22,44.500037,44.500037,43.750034,44.125015,1468000,6.827359
1991-04-19,44.25001,45.25004,43.750034,44.500037,3957200,6.885385
1991-04-18,44.750027,44.750027,43.875029,44.000024,2506400,6.80802
1991-04-17,44.875018,45.125004,44.375002,44.625032,2003200,6.904726
1991-04-16,43.250021,44.875018,43.250021,44.750027,3018400,6.924066
1991-04-15,43.125026,43.375012,42.87504,43.000031,3874400,6.653293
1991-04-12,42.62501,42.87504,41.750012,42.87504,4560400,6.633953
1991-04-11,43.000031,43.000031,42.000042,42.000042,5228400,6.498567
1991-04-10,43.250021,43.250021,42.250028,42.750005,6866400,6.614607
1991-04-09,45.50003,45.50003,43.750034,44.000024,1829200,6.80802
1991-04-08,45.25004,45.50003,44.625032,45.50003,1448800,7.040112
1991-04-05,43.750034,44.875018,43.625043,44.750027,3255200,6.924066
1991-04-04,43.875029,44.375002,43.125026,43.250021,4238000,6.691973
1991-04-03,45.125004,45.375035,43.625043,43.625043,3830800,6.75
1991-04-02,45.625021,45.875007,44.750027,45.125004,2059200,6.982085
1991-04-01,46.250033,46.250033,45.50003,45.50003,1333200,7.040112
1991-03-28,46.87504,47.000035,46.125037,46.250033,1492400,7.156158
1991-03-27,46.750005,47.250022,46.62501,46.87504,3357200,7.252864
1991-03-26,46.000002,46.750005,45.25004,46.000002,9138000,7.117472
1991-03-25,49.000014,49.125009,48.750027,49.000014,795600,7.581656
1991-03-22,47.875029,48.875022,47.875029,48.750027,1865200,7.542976
1991-03-21,50.500019,50.625014,47.625043,47.875029,3740400,7.40759
1991-03-20,49.875012,50.375028,49.750016,50.000047,1905600,7.736389
1991-03-19,49.625025,50.750006,49.375035,50.000047,2098400,7.736389
1991-03-18,49.875012,50.125042,49.375035,49.875012,757200,7.717043
1991-03-15,51.375017,51.375017,49.750016,50.125042,2157200,7.755729
1991-03-14,51.500012,52.250015,50.500019,50.875045,1594000,7.871775
1991-03-13,50.250033,51.250022,49.375035,51.125031,2244400,7.910455
1991-03-12,51.375017,51.375017,49.50003,49.750016,2196400,7.697702
1991-03-11,52.875023,52.875023,51.250022,51.250022,842800,7.929795
1991-03-08,53.125009,53.375039,52.375006,52.750028,2821200,8.161887
1991-03-07,51.875034,53.250044,51.500012,52.750028,2816000,8.161887
1991-03-06,53.875012,54.500024,51.500012,52.000025,3026400,8.045841
1991-03-05,52.250015,53.125009,52.000025,53.000018,2142800,8.200567
1991-03-04,53.500031,53.500031,52.000025,52.000025,1486800,8.045841
1991-03-01,53.625026,53.625026,52.250015,53.375039,2750800,8.258594
1991-02-28,55.00004,55.250026,53.500031,53.500031,5398400,8.277933
1991-02-27,52.000025,54.250037,51.750039,54.125042,5216400,8.335959
1991-02-26,52.250015,52.375006,51.250022,51.250022,3241200,7.893169
1991-02-25,50.750006,52.875023,50.375028,52.875023,4466800,8.14344
1991-02-22,46.87504,49.250044,46.87504,48.375006,2264800,7.450379
1991-02-21,46.87504,47.125027,46.125037,46.87504,1213600,7.219365
1991-02-20,47.625043,47.625043,46.250033,46.500019,1786000,7.161607
1991-02-19,47.375017,48.250011,47.125027,47.375017,1550800,7.296368
1991-02-15,48.500041,48.625032,47.750038,48.375006,1130800,7.450379
1991-02-14,49.125009,49.625025,48.250011,48.500041,1640800,7.469636
1991-02-13,49.50003,49.50003,48.875022,49.250044,2188000,7.585146
1991-02-12,49.50003,49.875012,48.875022,49.125009,2332000,7.565889
1991-02-11,47.750038,50.000047,47.750038,50.000047,2200800,7.700656
1991-02-08,47.750038,48.000025,47.250022,48.000025,1124000,7.392627
1991-02-07,47.000035,48.750027,46.500019,47.500008,3425200,7.315618
1991-02-06,44.875018,48.000025,44.875018,48.000025,3306800,7.392627
1991-02-05,46.000002,46.125037,44.500037,44.750027,3360800,6.892085
1991-02-04,45.50003,46.250033,45.000013,46.125037,1828000,7.103855
1991-02-01,45.875007,45.875007,44.625032,45.625021,3264800,7.026846
1991-01-31,46.000002,46.000002,44.875018,45.375035,2201600,6.988345
1991-01-30,45.625021,46.250033,45.625021,46.250033,1177600,7.123106
1991-01-29,46.125037,46.125037,45.625021,46.000002,1131600,7.084598
1991-01-28,46.250033,46.62501,45.875007,46.125037,508800,7.103855
1991-01-25,44.875018,46.62501,44.875018,46.250033,2134400,7.123106
1991-01-24,44.375002,46.125037,44.375002,44.875018,2635200,6.911335
1991-01-23,42.250028,44.25001,42.125037,44.25001,2675600,6.815076
1991-01-22,41.250039,41.750012,41.125004,41.750012,2436800,6.430044
1991-01-21,42.000042,42.125037,40.750023,41.000009,1999200,6.314534
1991-01-18,41.875007,42.500014,41.875007,42.000042,2228800,6.468552
1991-01-17,40.500036,42.750005,40.250006,42.125037,5632400,6.487803
1991-01-16,40.500036,41.625021,40.250006,41.500025,2537200,6.391543
1991-01-15,41.250039,41.625021,40.875018,41.000009,1109600,6.314534
1991-01-14,41.125004,42.000042,40.875018,41.125004,2391200,6.333785
1991-01-11,41.250039,41.250039,40.500036,41.125004,2964400,6.333785
1991-01-10,42.250028,42.250028,41.375034,41.500025,2498400,6.391543
1991-01-09,42.375023,42.62501,41.250039,42.000042,3244800,6.468552
1991-01-08,43.000031,43.000031,42.125037,42.375023,1173600,6.526304
1991-01-07,44.25001,44.625032,43.000031,43.000031,1901600,6.622563
1991-01-04,44.000024,44.500037,44.000024,44.125015,1506800,6.795825
1991-01-03,45.25004,45.25004,44.500037,44.500037,670000,6.853583
1991-01-02,45.875007,46.125037,45.25004,45.25004,2211600,6.969094
1990-12-31,44.500037,45.750016,44.500037,45.625021,888400,7.026846
1990-12-28,44.125015,44.750027,44.125015,44.750027,576000,6.892085
1990-12-27,44.500037,44.625032,44.000024,44.125015,1050400,6.795825
1990-12-26,44.375002,44.625032,44.125015,44.375002,860800,6.834326
1990-12-24,43.875029,44.375002,43.875029,44.000024,1540800,6.776575
1990-12-21,44.750027,44.750027,43.500008,43.750034,4119200,6.738073
1990-12-20,44.750027,45.50003,44.500037,44.625032,1714400,6.872834
1990-12-19,45.50003,45.50003,45.000013,45.125004,1040800,6.949837
1990-12-18,46.000002,46.375024,45.375035,45.625021,1769600,7.026846
1990-12-17,45.750016,46.250033,45.50003,46.250033,1067600,7.123106
1990-12-14,46.000002,46.750005,45.750016,45.750016,1900800,7.046097
1990-12-13,44.375002,45.875007,44.25001,45.750016,1720000,7.046097
1990-12-12,45.125004,45.25004,44.125015,44.500037,2286000,6.853583
1990-12-11,45.625021,46.000002,44.875018,44.875018,1091600,6.911335
1990-12-10,45.000013,46.375024,45.000013,45.875007,1043200,7.065347
1990-12-07,44.875018,45.50003,44.750027,45.25004,1168000,6.969094
1990-12-06,45.25004,45.50003,44.000024,45.125004,2546800,6.949837
1990-12-05,46.375024,46.62501,45.50003,45.50003,1876400,7.007595
1990-12-04,46.500019,47.250022,46.375024,46.500019,1584000,7.161607
1990-12-03,47.875029,47.875029,45.50003,46.250033,2036000,7.123106
1990-11-30,47.000035,48.500041,46.500019,47.625043,1432800,7.334875
1990-11-29,47.500008,47.875029,46.87504,46.87504,904400,7.219365
1990-11-28,47.625043,47.750038,47.000035,47.250022,1586400,7.277117
1990-11-27,45.50003,47.750038,45.50003,47.750038,2977200,7.354126
1990-11-26,45.000013,46.000002,44.750027,45.50003,1676400,7.007595
1990-11-23,45.25004,45.625021,45.000013,45.25004,993200,6.969094
1990-11-21,43.875029,45.375035,43.875029,45.375035,1987200,6.988345
1990-11-20,44.25001,44.625032,43.500008,44.000024,4160800,6.738074
1990-11-19,45.125004,45.375035,44.25001,44.375002,2998400,6.795497
1990-11-16,45.000013,45.625021,45.000013,45.375035,2505600,6.94864
1990-11-15,46.125037,46.125037,45.000013,45.000013,2168800,6.89121
1990-11-14,46.000002,46.500019,45.125004,46.125037,1904000,7.063494
1990-11-13,47.625043,47.750038,45.750016,45.750016,3881200,7.006064
1990-11-12,48.750027,49.375035,47.625043,47.750038,2209200,7.312344
1990-11-09,48.500041,49.000014,48.500041,48.875022,702400,7.484621
1990-11-08,47.875029,48.750027,47.625043,48.375006,1074800,7.40805
1990-11-07,48.750027,48.750027,47.875029,48.12502,1176400,7.369768
1990-11-06,49.375035,49.375035,48.750027,48.875022,1616800,7.484621
1990-11-05,48.625032,49.375035,48.375006,49.375035,1138000,7.561192
1990-11-02,47.000035,48.375006,46.87504,48.000025,1869600,7.350626
1990-11-01,45.50003,45.875007,44.750027,45.50003,2360000,6.967782
1990-10-31,46.000002,46.000002,44.625032,44.750027,1917200,6.852928
1990-10-30,47.125027,47.375017,46.000002,46.250033,1538400,7.082636
1990-10-29,49.125009,49.375035,47.500008,47.500008,1196400,7.274055
1990-10-26,48.875022,49.375035,48.625032,49.125009,1492400,7.522904
1990-10-25,47.625043,48.750027,47.625043,48.500041,2186800,7.427198
1990-10-24,47.375017,47.875029,47.000035,47.500008,1468800,7.274055
1990-10-23,47.750038,48.250011,47.000035,47.250022,822800,7.235772
1990-10-22,47.375017,48.12502,47.375017,48.000025,746400,7.350626
1990-10-19,47.250022,47.875029,47.250022,47.875029,1465200,7.331485
1990-10-18,46.750005,47.125027,46.500019,47.000035,1545200,7.19749
1990-10-17,46.000002,47.000035,46.000002,46.500019,1537200,7.120918
1990-10-16,46.500019,46.62501,46.000002,46.000002,1470000,7.044347
1990-10-15,48.500041,48.625032,46.375024,47.375017,3165600,7.254914
1990-10-12,49.50003,49.625025,48.250011,48.500041,2588800,7.427198
1990-10-11,51.125031,51.125031,49.000014,49.250044,2582000,7.542051
1990-10-10,52.250015,52.375006,50.875045,51.250022,1347200,7.848324
1990-10-09,54.000007,54.375028,52.500041,52.500041,1404800,8.039749
1990-10-08,53.875012,54.250037,53.625026,54.000007,908400,8.269451
1990-10-05,52.000025,54.000007,51.750039,53.375039,1186800,8.173745
1990-10-04,52.500041,53.125009,52.12502,52.750028,1662400,8.078032
1990-10-03,52.000025,52.625037,52.000025,52.250015,1506800,8.001461
1990-10-02,50.000047,51.625047,49.625025,51.500012,2516000,7.886607
1990-10-01,51.625047,51.750039,49.250044,49.50003,4071600,7.580334
1990-09-28,51.125031,51.750039,50.750006,51.375017,1114000,7.867466
1990-09-27,53.500031,53.875012,51.000036,51.375017,1528000,7.867466
1990-09-26,54.75001,54.875045,52.750028,53.125009,1376000,8.135456
1990-09-25,55.250026,55.375018,54.500024,54.500024,1928800,8.346023
1990-09-24,56.375011,56.625037,55.500013,55.500013,1358000,8.499159
1990-09-21,57.125013,57.875016,56.12502,56.625037,1976400,8.671443
1990-09-20,57.37504,57.37504,56.625037,57.125013,1274800,8.748008
1990-09-19,56.750032,57.500035,56.500046,57.125013,2078800,8.748008
1990-09-18,56.12502,56.875023,55.750043,56.875023,1699200,8.709725
1990-09-17,54.500024,55.875034,54.500024,55.875034,1896400,8.556589
1990-09-14,54.500024,55.125031,54.250037,54.625015,731600,8.365164
1990-09-13,54.75001,54.875045,54.250037,54.500024,687200,8.346023
1990-09-12,54.000007,55.00004,54.000007,54.875045,1366400,8.403453
1990-09-11,54.250037,54.250037,53.500031,54.125042,1010400,8.288599
1990-09-10,53.750021,54.250037,53.500031,54.250037,1406400,8.30774
1990-09-07,54.625015,55.250026,54.375028,54.500024,1082000,8.346023
1990-09-06,54.500024,55.250026,54.125042,54.375028,1112400,8.326881
1990-09-05,53.125009,54.500024,53.125009,54.500024,1330000,8.346023
1990-09-04,52.750028,53.625026,52.625037,53.125009,1180800,8.135456
1990-08-31,52.500041,53.000018,52.375006,53.000018,536800,8.116315
1990-08-30,53.375039,53.375039,52.12502,52.500041,762000,8.039749
1990-08-29,52.625037,53.375039,52.500041,53.250044,1142000,8.154603
1990-08-28,52.250015,53.250044,51.625047,53.250044,1789200,8.116321
1990-08-27,52.500041,53.250044,51.750039,52.12502,915600,7.944846
1990-08-24,51.375017,52.250015,50.875045,52.000025,1760000,7.925794
1990-08-23,50.250033,52.000025,50.000047,50.625014,3851600,7.716216
1990-08-22,55.00004,55.250026,53.000018,53.500031,1692800,8.154423
1990-08-21,56.500046,56.625037,54.75001,55.250026,1197200,8.421156
1990-08-20,56.250016,57.000018,56.12502,56.750032,993200,8.649785
1990-08-17,55.250026,56.500046,54.875045,56.250016,1824800,8.573573
1990-08-16,55.750043,56.500046,55.125031,55.250026,1276400,8.421156
1990-08-15,57.000018,57.125013,55.750043,56.000029,1142800,8.535471
1990-08-14,56.000029,56.875023,55.750043,56.875023,1351200,8.668837
1990-08-13,56.000029,56.250016,55.625048,56.000029,1181600,8.535471
1990-08-10,56.000029,57.000018,55.750043,56.250016,2123600,8.573573
1990-08-09,56.500046,56.750032,55.750043,56.000029,1763200,8.535471
1990-08-08,55.875034,56.750032,55.500013,56.500046,4178400,8.611683
1990-08-07,56.12502,56.625037,54.625015,56.500046,2435200,8.611683
1990-08-06,56.000029,58.500024,56.000029,56.500046,3637200,8.611683
1990-08-03,57.250049,58.75001,55.00004,56.250016,3240000,8.573573
1990-08-02,57.125013,58.000007,57.000018,57.37504,5886400,8.745049
1990-08-01,54.875045,56.250016,54.000007,55.625048,1890400,8.478316
1990-07-31,53.875012,55.250026,53.625026,54.875045,2736800,8.364002
1990-07-30,52.12502,53.500031,52.12502,53.250044,972000,8.116321
1990-07-27,52.250015,53.125009,52.250015,52.375006,2971200,7.982948
1990-07-26,53.000018,53.000018,52.375006,52.500041,976000,8.002006
1990-07-25,52.750028,54.000007,52.375006,53.250044,4578400,8.116321
1990-07-24,51.375017,55.00004,51.375017,53.625026,5900800,8.173475
1990-07-23,50.750006,51.500012,49.000014,51.250022,2954000,7.811479
1990-07-20,51.375017,52.750028,51.250022,51.750039,1760400,7.887691
1990-07-19,50.000047,51.375017,49.625025,51.375017,2242800,7.830531
1990-07-18,49.750016,50.375028,49.50003,50.375028,1017200,7.678113
1990-07-17,49.875012,49.875012,49.375035,49.875012,991200,7.601901
1990-07-16,49.250044,49.875012,49.125009,49.875012,869600,7.601901
1990-07-13,49.375035,49.625025,49.000014,49.250044,1588000,7.506644
1990-07-12,47.750038,49.250044,47.750038,49.250044,1966400,7.506644
1990-07-11,46.375024,47.875029,46.375024,47.750038,1022000,7.278015
1990-07-10,46.62501,46.62501,46.000002,46.000002,862400,7.011276
1990-07-09,46.250033,46.62501,46.250033,46.375024,667600,7.068437
1990-07-06,46.000002,46.375024,46.000002,46.250033,688800,7.049386
1990-07-05,46.500019,46.62501,46.000002,46.125037,1107600,7.030334
1990-07-03,47.250022,47.375017,46.750005,46.750005,696800,7.125591
1990-07-02,47.500008,47.875029,47.250022,47.375017,1204000,7.220855
1990-06-29,47.750038,48.875022,47.750038,48.12502,1631600,7.335169
1990-06-28,47.125027,48.000025,47.000035,47.750038,1190000,7.278015
1990-06-27,46.87504,47.500008,46.750005,47.000035,635200,7.1637
1990-06-26,46.87504,47.625043,46.62501,46.750005,1155600,7.125591
1990-06-25,47.000035,47.000035,46.250033,46.62501,1509200,7.106539
1990-06-22,48.12502,48.250011,46.750005,47.250022,1007200,7.201803
1990-06-21,48.12502,48.250011,47.750038,48.12502,1770800,7.335169
1990-06-20,47.250022,48.250011,47.250022,48.250011,2358800,7.35422
1990-06-19,46.87504,47.500008,46.375024,47.500008,1730400,7.239906
1990-06-18,47.750038,47.750038,46.87504,46.87504,1490000,7.144649
1990-06-15,46.750005,48.000025,46.62501,48.000025,3076400,7.316118
1990-06-14,46.87504,47.000035,46.62501,46.62501,755600,7.106539
1990-06-13,47.000035,47.375017,46.500019,47.000035,1156000,7.1637
1990-06-12,46.000002,47.125027,45.625021,46.87504,1547600,7.144649
1990-06-11,45.125004,46.125037,45.125004,45.875007,1627600,6.992225
1990-06-08,45.625021,45.625021,44.750027,45.375035,1678400,6.916019
1990-06-07,45.875007,46.375024,45.375035,45.50003,2111600,6.935071
1990-06-06,45.000013,46.500019,45.000013,46.000002,4436400,7.011276
1990-06-05,48.500041,48.625032,45.750016,46.250033,5708000,7.049386
1990-06-04,48.750027,49.000014,48.375006,49.000014,1963200,7.468535
1990-06-01,49.375035,49.750016,47.750038,48.500041,2352000,7.39233
1990-05-31,48.000025,49.50003,48.000025,49.375035,1467600,7.525696
1990-05-30,48.500041,49.000014,48.375006,48.500041,2528400,7.39233
1990-05-29,46.87504,48.250011,46.750005,48.250011,1592800,7.35422
1990-05-25,47.250022,47.375017,46.500019,46.87504,1242000,7.144649
1990-05-24,48.750027,49.000014,47.625043,47.750038,3034800,7.239912
1990-05-23,48.875022,49.125009,48.750027,48.750027,1311200,7.391532
1990-05-22,49.625025,50.375028,48.875022,49.125009,2155600,7.448387
1990-05-21,48.250011,49.50003,48.250011,49.375035,2718800,7.486296
1990-05-18,48.375006,48.500041,48.000025,48.375006,2626000,7.33467
1990-05-17,47.875029,48.625032,47.875029,48.12502,2358000,7.296767
1990-05-16,47.625043,47.875029,47.125027,47.875029,1004000,7.258863
1990-05-15,47.750038,47.875029,47.500008,47.500008,2008400,7.202002
1990-05-14,46.87504,47.875029,46.87504,47.750038,3473200,7.239912
1990-05-11,45.50003,47.250022,45.375035,47.125027,3770000,7.145147
1990-05-10,45.000013,45.125004,44.625032,45.000013,1174800,6.82295
1990-05-09,44.750027,45.125004,44.375002,45.000013,1368400,6.82295
1990-05-08,45.125004,45.25004,44.875018,45.000013,500000,6.82295
1990-05-07,45.50003,45.50003,45.000013,45.125004,1365600,6.841902
1990-05-04,45.125004,45.625021,44.875018,45.50003,1662800,6.898763
1990-05-03,44.750027,45.000013,44.625032,44.875018,1813200,6.803999
1990-05-02,44.000024,44.125015,43.625043,44.125015,2536800,6.690282
1990-05-01,43.125026,43.500008,42.750005,43.250021,740800,6.557615
1990-04-30,42.250028,42.750005,41.750012,42.750005,1240800,6.481802
1990-04-27,43.125026,43.625043,42.375023,42.500014,2758400,6.443898
1990-04-26,42.62501,43.500008,42.62501,43.250021,1764400,6.557615
1990-04-25,42.62501,42.87504,42.62501,42.62501,692400,6.46285
1990-04-24,42.62501,43.125026,42.62501,42.87504,1250000,6.50076
1990-04-23,43.000031,43.125026,42.500014,42.62501,1143600,6.46285
1990-04-20,43.750034,43.750034,42.87504,43.250021,1626400,6.557615
1990-04-19,43.500008,44.125015,43.375012,43.625043,1247200,6.614476
1990-04-18,44.25001,44.25001,43.500008,43.625043,757200,6.614476
1990-04-17,43.250021,44.25001,43.125026,44.125015,1680000,6.690282
1990-04-16,43.625043,43.750034,43.125026,43.250021,1178400,6.557615
1990-04-12,43.750034,43.875029,43.500008,43.625043,1869200,6.614476
1990-04-11,43.500008,43.875029,43.125026,43.500008,2859600,6.595518
1990-04-10,45.375035,45.50003,44.125015,44.125015,1472000,6.690282
1990-04-09,45.50003,45.875007,45.50003,45.625021,1303600,6.917715
1990-04-06,45.50003,45.875007,45.375035,45.50003,1453600,6.898763
1990-04-05,45.50003,46.000002,45.25004,45.50003,2786400,6.898763
1990-04-04,45.875007,46.000002,45.000013,45.50003,1746800,6.898763
1990-04-03,45.375035,46.125037,45.000013,46.000002,3033200,6.97457
1990-04-02,45.000013,45.25004,44.500037,45.25004,1112400,6.86086
1990-03-30,45.875007,45.875007,45.000013,45.375035,830400,6.879812
1990-03-29,45.875007,46.125037,45.625021,45.875007,1610400,6.955618
1990-03-28,44.875018,46.250033,44.875018,45.875007,3258400,6.955618
1990-03-27,44.625032,45.375035,44.500037,44.875018,1414000,6.803999
1990-03-26,45.50003,45.50003,44.625032,44.750027,1042400,6.785047
1990-03-23,44.625032,45.50003,44.625032,45.50003,903200,6.898763
1990-03-22,45.125004,45.50003,44.375002,44.750027,1340400,6.785047
1990-03-21,46.250033,46.375024,45.25004,45.375035,776000,6.879812
1990-03-20,46.375024,46.750005,46.125037,46.250033,2386400,7.01248
1990-03-19,44.875018,46.375024,44.750027,46.375024,2756000,7.031431
1990-03-16,45.000013,45.25004,44.625032,45.125004,3267600,6.841902
1990-03-15,44.875018,44.875018,44.500037,44.750027,870800,6.785047
1990-03-14,44.500037,45.25004,44.375002,44.875018,1473200,6.803999
1990-03-13,44.625032,45.000013,44.500037,44.625032,838800,6.766095
1990-03-12,45.125004,45.125004,44.500037,45.000013,1228400,6.82295
1990-03-09,45.125004,45.50003,45.000013,45.125004,1576400,6.841902
1990-03-08,45.50003,45.625021,44.625032,45.375035,2662000,6.879812
1990-03-07,45.50003,45.50003,45.25004,45.50003,2040400,6.898763
1990-03-06,45.125004,45.625021,45.125004,45.50003,2807200,6.898763
1990-03-05,45.625021,45.750016,44.750027,45.125004,1129200,6.841902
1990-03-02,45.750016,46.250033,45.375035,45.50003,1800000,6.898763
1990-03-01,44.750027,46.250033,44.500037,46.000002,2796800,6.97457
1990-02-28,44.375002,45.50003,44.000024,44.750027,3418400,6.785047
1990-02-27,45.000013,45.50003,43.875029,43.875029,2465200,6.652379
1990-02-26,43.500008,44.625032,43.500008,44.625032,3274400,6.766095
1990-02-23,44.500037,44.875018,43.000031,43.750034,4324400,6.633427
1990-02-22,47.500008,47.875029,44.750027,45.125004,4235600,6.803999
1990-02-21,46.750005,47.500008,46.62501,47.375017,5582800,7.143258
1990-02-20,46.125037,47.000035,45.125004,47.000035,1922800,7.086718
1990-02-16,46.750005,46.87504,45.875007,46.500019,2946800,7.011325
1990-02-15,45.750016,46.87504,45.750016,46.87504,3416400,7.067871
1990-02-14,45.50003,46.125037,45.375035,46.000002,1815600,6.935932
1990-02-13,45.625021,46.000002,45.25004,45.50003,2662000,6.860545
1990-02-12,46.125037,46.250033,45.625021,45.750016,1740000,6.898239
1990-02-09,45.750016,46.250033,45.625021,46.125037,2658000,6.954785
1990-02-08,45.000013,46.125037,44.875018,45.625021,6268800,6.879392
1990-02-07,42.500014,45.625021,42.250028,45.375035,9425200,6.841698
1990-02-06,42.750005,42.750005,42.125037,42.375023,1518400,6.389353
1990-02-05,42.125037,42.62501,41.875007,42.62501,1633600,6.427047
1990-02-02,41.875007,42.500014,41.875007,42.125037,1537200,6.35166
1990-02-01,42.000042,42.375023,41.875007,42.000042,2035600,6.332813
1990-01-31,41.125004,42.375023,41.125004,42.000042,3638800,6.332813
1990-01-30,40.625031,41.000009,40.500036,41.000009,2504400,6.182027
1990-01-29,40.500036,40.625031,40.125015,40.500036,1916400,6.106641
1990-01-26,40.00002,40.375001,39.875029,40.250006,1901600,6.068941
1990-01-25,39.625038,40.125015,39.500003,40.00002,1617600,6.031248
1990-01-24,39.250017,40.00002,38.75,39.500003,1224800,5.955855
1990-01-23,40.00002,40.250006,39.250017,39.875029,576000,6.012401
1990-01-22,41.250039,41.375034,39.625038,39.625038,1139200,5.974708
1990-01-19,40.625031,41.375034,40.500036,41.125004,1846000,6.200874
1990-01-18,40.00002,40.625031,39.875029,40.625031,1872000,6.125488
1990-01-17,40.500036,40.750023,39.875029,40.250006,1330400,6.068941
1990-01-16,40.375001,40.750023,40.00002,40.750023,3391200,6.144334
1990-01-15,41.125004,41.375034,40.750023,40.875018,1230800,6.163181
1990-01-12,41.250039,41.500025,40.500036,41.250039,1896000,6.219727
1990-01-11,41.500025,41.750012,41.375034,41.750012,829200,6.295113
1990-01-10,41.250039,41.500025,40.875018,41.250039,673600,6.219727
1990-01-09,42.000042,42.250028,41.500025,41.500025,755600,6.25742
1990-01-08,41.375034,42.000042,41.250039,41.875007,904400,6.31396
1990-01-05,42.000042,42.250028,41.500025,41.625021,2004800,6.276267
1990-01-04,42.500014,42.62501,40.875018,41.750012,1718000,6.295113
1990-01-03,43.000031,43.000031,42.250028,42.62501,2209200,6.427047
1990-01-02,42.750005,43.000031,42.500014,42.87504,953600,6.464746
1989-12-29,42.87504,42.87504,42.62501,42.750005,1470800,6.445893
1989-12-28,42.62501,42.87504,42.500014,42.750005,1048000,6.445893
1989-12-27,42.125037,42.62501,42.125037,42.375023,970000,6.389353
1989-12-26,42.500014,42.500014,42.125037,42.125037,520800,6.35166
1989-12-22,42.000042,42.750005,41.875007,42.375023,1391200,6.389353
1989-12-21,41.750012,42.125037,41.250039,41.875007,1301200,6.31396
1989-12-20,41.000009,42.000042,41.000009,41.875007,1662000,6.31396
1989-12-19,41.250039,41.500025,40.500036,40.750023,1828000,6.144334
1989-12-18,42.750005,42.750005,41.000009,41.375034,1031200,6.238574
1989-12-15,43.125026,43.125026,42.000042,42.750005,2190400,6.445893
1989-12-14,43.000031,43.500008,42.87504,43.500008,2100800,6.55898
1989-12-13,43.625043,44.500037,43.500008,43.500008,3987600,6.55898
1989-12-12,41.375034,43.750034,40.875018,43.375012,3358000,6.540133
1989-12-11,41.125004,41.625021,40.875018,41.625021,717200,6.276267
1989-12-08,40.875018,41.250039,40.875018,41.250039,598800,6.219727
1989-12-07,41.500025,41.875007,40.375001,41.000009,1706400,6.182027
1989-12-06,41.750012,41.750012,41.250039,41.625021,1069200,6.276267
1989-12-05,41.250039,41.875007,41.125004,41.625021,1372000,6.276267
1989-12-04,40.750023,41.500025,40.500036,41.250039,1474000,6.219727
1989-12-01,39.875029,40.750023,39.750033,40.750023,1879200,6.144334
1989-11-30,39.250017,40.250006,39.250017,40.250006,787200,6.068941
1989-11-29,40.00002,40.125015,39.500003,39.500003,807200,5.955855
1989-11-28,40.125015,41.000009,39.875029,40.250006,2070800,6.068941
1989-11-27,39.625038,40.250006,39.625038,40.250006,1483200,6.068941
1989-11-24,39.500003,40.125015,39.500003,39.875029,1161600,5.974708
1989-11-22,39.500003,39.500003,39.250017,39.500003,936800,5.918516
1989-11-21,39.750033,39.875029,39.125022,39.500003,1178400,5.918516
1989-11-20,39.250017,39.750033,38.75,39.625038,988400,5.937251
1989-11-17,38.875036,39.750033,38.875036,39.500003,1912400,5.918516
1989-11-16,38.875036,39.000031,38.375019,39.000031,1457200,5.843602
1989-11-15,37.500025,38.875036,37.500025,38.875036,1940400,5.824873
1989-11-14,37.250039,38.250028,37.000008,37.37503,1351200,5.600119
1989-11-13,37.125004,37.875006,36.875013,37.500025,1739600,5.618847
1989-11-10,36.875013,37.125004,36.750022,37.000008,435200,5.543927
1989-11-09,36.750022,37.125004,36.625027,36.625027,349600,5.487741
1989-11-08,36.875013,37.500025,36.750022,36.750022,1009200,5.50647
1989-11-07,36.625027,36.750022,36.250006,36.625027,1026800,5.487741
1989-11-06,37.125004,37.125004,36.375001,36.500036,478400,5.469013
1989-11-03,37.37503,37.750011,37.000008,37.000008,782000,5.543927
1989-11-02,37.125004,37.250039,36.625027,36.875013,676800,5.525198
1989-11-01,36.875013,37.125004,36.750022,37.125004,826400,5.562656
1989-10-31,36.000019,37.000008,36.000019,36.875013,1364800,5.525198
1989-10-30,35.625038,36.000019,35.500003,35.750033,602800,5.356636
1989-10-27,35.250017,35.500003,34.875035,35.250017,1601600,5.281716
1989-10-26,35.875024,35.875024,34.875035,35.125021,1603200,5.262987
1989-10-25,36.500036,36.875013,36.250006,36.250006,997600,5.43155
1989-10-24,37.37503,37.625016,36.000019,37.000008,1596400,5.543927
1989-10-23,37.750011,37.875006,37.37503,37.625016,598800,5.637576
1989-10-20,38.75,38.75,37.750011,37.999998,2043200,5.693761
1989-10-19,37.999998,38.75,37.999998,38.75,1438000,5.806138
1989-10-18,37.999998,38.500014,37.625016,37.999998,450400,5.693761
1989-10-17,37.750011,38.375019,37.625016,37.999998,2072000,5.693761
1989-10-16,35.625038,38.500014,35.375008,37.999998,2722800,5.693761
1989-10-13,39.125022,39.500003,34.75,34.75,1279600,5.206795
1989-10-12,39.500003,39.625038,39.250017,39.375012,701600,5.899788
1989-10-11,40.750023,40.750023,39.625038,39.750033,867600,5.955979
1989-10-10,41.000009,41.375034,40.625031,40.750023,1506000,6.105813
1989-10-09,40.125015,41.000009,40.00002,41.000009,1620400,6.14327
1989-10-06,39.000031,40.00002,39.000031,40.00002,2058000,5.993436
1989-10-05,39.125022,39.250017,39.000031,39.000031,1112000,5.843602
1989-10-04,39.000031,39.375012,38.75,39.375012,1544400,5.899788
1989-10-03,38.625009,38.625009,38.250028,38.625009,593200,5.78741
1989-10-02,37.625016,38.75,37.37503,38.75,793200,5.806138
1989-09-29,38.250028,38.625009,37.500025,37.625016,1244400,5.637576
1989-09-28,37.500025,38.125033,37.000008,38.125033,2078000,5.712496
1989-09-27,37.750011,37.999998,37.500025,37.625016,590400,5.637576
1989-09-26,37.999998,38.250028,37.750011,37.750011,870000,5.656304
1989-09-25,37.999998,38.250028,37.750011,37.999998,858000,5.693761
1989-09-22,38.125033,38.250028,37.750011,38.125033,283200,5.712496
1989-09-21,38.75,39.125022,38.250028,38.250028,606400,5.731225
1989-09-20,38.500014,39.000031,38.375019,38.75,780000,5.806138
1989-09-19,37.999998,38.500014,37.999998,38.500014,629200,5.768682
1989-09-18,37.875006,38.125033,37.500025,38.125033,415600,5.712496
1989-09-15,37.500025,37.875006,37.000008,37.625016,1790400,5.637576
1989-09-14,37.750011,37.875006,36.750022,37.250039,1519200,5.581391
1989-09-13,39.000031,39.375012,37.875006,38.250028,1555200,5.731225
1989-09-12,39.125022,39.375012,39.125022,39.125022,1149600,5.86233
1989-09-11,39.250017,39.250017,38.625009,39.000031,662800,5.843602
1989-09-08,39.500003,39.500003,38.875036,39.250017,838000,5.881059
1989-09-07,39.000031,39.500003,39.000031,39.250017,1163600,5.881059
1989-09-06,39.750033,39.875029,38.875036,39.000031,1162400,5.843602
1989-09-05,39.250017,40.00002,39.250017,39.875029,2119600,5.974708
1989-09-01,39.125022,39.375012,39.000031,39.375012,967200,5.899788
1989-08-31,39.125022,39.500003,39.000031,39.250017,1032400,5.881059
1989-08-30,39.375012,39.625038,38.75,39.375012,848800,5.899788
1989-08-29,39.875029,39.875029,39.375012,39.500003,1379200,5.918516
1989-08-28,39.375012,40.00002,39.250017,40.00002,866800,5.993436
1989-08-25,39.750033,40.375001,39.000031,39.875029,2064400,5.937251
1989-08-24,38.625009,39.750033,38.375019,39.750033,3355200,5.91864
1989-08-23,36.500036,38.500014,36.250006,38.125033,2124000,5.676683
1989-08-22,35.875024,36.375001,35.750033,36.375001,806800,5.416109
1989-08-21,36.500036,36.500036,35.875024,36.000019,1290400,5.360276
1989-08-18,36.625027,36.875013,36.375001,36.500036,1192400,5.434726
1989-08-17,37.250039,37.37503,36.750022,36.875013,1114000,5.490559
1989-08-16,36.875013,37.37503,36.875013,37.37503,1790800,5.56501
1989-08-15,36.500036,36.875013,36.375001,36.875013,708400,5.490559
1989-08-14,36.375001,36.875013,36.375001,36.625027,930000,5.453337
1989-08-11,37.000008,37.250039,36.500036,36.875013,2866000,5.490559
1989-08-10,36.625027,36.625027,36.500036,36.625027,1691600,5.453337
1989-08-09,37.000008,37.250039,36.875013,37.250039,1135600,5.546399
1989-08-08,37.000008,37.250039,36.625027,37.125004,2412800,5.527782
1989-08-07,36.250006,37.125004,36.250006,37.000008,2233600,5.509171
1989-08-04,36.375001,36.750022,36.125011,36.500036,2596800,5.434726
1989-08-03,36.875013,37.250039,36.500036,36.625027,3461600,5.453337
1989-08-02,35.750033,36.875013,35.750033,36.750022,4960000,5.471948
1989-08-01,35.000026,36.375001,35.000026,35.875024,5286400,5.341664
1989-07-31,34.375019,35.000026,34.125032,35.000026,1578400,5.21138
1989-07-28,34.375019,34.75,34.125032,34.375019,950000,5.118319
1989-07-27,34.375019,34.500014,34.250023,34.500014,2496800,5.13693
1989-07-26,34.75,34.875035,34.250023,34.375019,1652800,5.118319
1989-07-25,35.250017,35.500003,34.75,34.875035,1838800,5.192769
1989-07-24,35.000026,35.500003,34.875035,35.375008,1761200,5.267214
1989-07-21,34.75,35.125021,34.500014,35.125021,1453600,5.229992
1989-07-20,34.875035,35.000026,34.375019,34.75,1418400,5.174152
1989-07-19,35.000026,35.375008,34.75,34.75,1962000,5.174152
1989-07-18,35.000026,35.250017,34.875035,35.125021,1986800,5.229992
1989-07-17,34.75,35.125021,34.75,35.000026,2561600,5.21138
1989-07-14,34.75,35.000026,34.125032,34.875035,1911200,5.192769
1989-07-13,34.75,34.75,34.500014,34.75,1096800,5.174152
1989-07-12,35.000026,35.000026,34.500014,34.625005,1408400,5.155541
1989-07-11,35.250017,35.500003,35.000026,35.000026,2570000,5.21138
1989-07-10,33.875002,34.875035,33.750011,34.875035,3114400,5.192769
1989-07-07,33.625016,33.875002,33.37503,33.750011,1919600,5.025257
1989-07-06,33.625016,33.750011,33.500023,33.625016,1673600,5.006646
1989-07-05,33.37503,33.625016,33.250034,33.500023,1581600,4.988035
1989-07-03,33.37503,33.37503,33.124999,33.250034,542800,4.950813
1989-06-30,33.124999,33.250034,32.75002,33.124999,1724000,4.932195
1989-06-29,33.750011,34.000037,33.124999,33.124999,3216800,4.932195
1989-06-28,33.000006,34.250023,32.875013,34.000037,4720800,5.062485
1989-06-27,30.875033,32.374996,30.875033,32.374996,3433200,4.820523
1989-06-26,30.250023,30.875033,30.250023,30.749998,3039200,4.578566
1989-06-23,30.250023,30.625004,29.999995,30.500009,1622800,4.541344
1989-06-22,29.875002,29.999995,29.750007,29.999995,1449200,4.466893
1989-06-21,30.12503,30.12503,29.750007,29.875002,1958800,4.448282
1989-06-20,30.12503,30.250023,29.999995,29.999995,1115600,4.466893
1989-06-19,30.500009,30.625004,29.999995,30.12503,1750800,4.48551
1989-06-16,30.250023,30.625004,30.250023,30.625004,1716000,4.559955
1989-06-15,30.375016,30.625004,30.250023,30.375016,1765200,4.522733
1989-06-14,30.375016,30.375016,30.12503,30.375016,716400,4.522733
1989-06-13,29.875002,30.250023,29.875002,30.12503,858800,4.48551
1989-06-12,30.250023,30.250023,29.750007,29.875002,2103200,4.448282
1989-06-09,30.375016,30.625004,30.250023,30.250023,872400,4.504122
1989-06-08,31.375007,31.375007,30.250023,30.375016,2148000,4.522733
1989-06-07,31.125019,31.625036,31.125019,31.375007,1979200,4.671628
1989-06-06,30.875033,31.000026,30.749998,30.875033,921600,4.597183
1989-06-05,30.625004,31.125019,30.375016,30.625004,935600,4.559955
1989-06-02,30.500009,30.749998,30.375016,30.500009,1814800,4.541344
1989-06-01,30.250023,30.625004,29.999995,30.500009,1164400,4.541344
1989-05-31,30.250023,30.375016,29.999995,30.250023,1421600,4.504122
1989-05-30,30.375016,30.625004,29.999995,29.999995,847600,4.466893
1989-05-26,29.999995,30.500009,29.999995,30.375016,573200,4.522733
1989-05-25,30.12503,30.500009,29.999995,30.12503,2013600,4.48551
1989-05-24,29.375027,30.250023,29.250034,30.250023,3442000,4.466899
1989-05-23,29.124997,29.50002,29.000004,29.250034,3144000,4.319235
1989-05-22,29.750007,29.875002,29.124997,29.375027,1732800,4.337692
1989-05-19,29.124997,29.375027,29.000004,29.375027,2772000,4.337692
1989-05-18,29.124997,29.375027,28.875011,28.875011,1623200,4.263857
1989-05-17,29.750007,29.875002,28.750017,29.124997,3870000,4.300771
1989-05-16,29.875002,29.999995,29.50002,29.625013,1469200,4.374607
1989-05-15,29.750007,29.999995,29.625013,29.750007,1206000,4.393064
1989-05-12,29.50002,29.750007,29.250034,29.750007,2526400,4.393064
1989-05-11,29.124997,29.124997,29.000004,29.000004,905600,4.282314
1989-05-10,29.000004,29.124997,28.625024,28.875011,1660400,4.263857
1989-05-09,29.750007,29.875002,29.124997,29.250034,1233600,4.319235
1989-05-08,30.375016,30.375016,29.50002,29.625013,1635600,4.374607
1989-05-05,30.749998,30.875033,30.375016,30.500009,847200,4.503814
1989-05-04,30.500009,30.749998,30.250023,30.625004,1479600,4.522271
1989-05-03,31.125019,31.250014,30.250023,30.500009,2077200,4.503814
1989-05-02,31.50,31.875022,31.250014,31.375007,1170800,4.633021
1989-05-01,31.250014,31.50,31.125019,31.250014,822800,4.614564
1989-04-28,31.000026,31.375007,30.875033,31.250014,1794400,4.614564
1989-04-27,30.875033,31.125019,30.749998,30.875033,1108000,4.559192
1989-04-26,30.875033,30.875033,30.625004,30.875033,1164400,4.559192
1989-04-25,31.625036,31.625036,30.749998,30.875033,2372400,4.559192
1989-04-24,31.375007,32.000017,31.250014,31.375007,2430800,4.633021
1989-04-21,30.250023,31.50,30.12503,31.375007,2320400,4.633021
1989-04-20,30.625004,30.625004,30.12503,30.375016,750000,4.485357
1989-04-19,30.500009,30.625004,30.250023,30.500009,2163200,4.503814
1989-04-18,30.250023,30.749998,29.999995,30.500009,2015200,4.503814
1989-04-17,30.12503,30.12503,29.750007,29.999995,928000,4.429979
1989-04-14,29.375027,29.875002,29.124997,29.875002,1625200,4.411521
1989-04-13,30.12503,30.250023,29.124997,29.124997,1598800,4.300771
1989-04-12,30.12503,30.375016,30.12503,30.12503,529200,4.448442
1989-04-11,29.875002,30.375016,29.875002,30.250023,814800,4.466899
1989-04-10,29.999995,30.250023,29.875002,29.999995,362400,4.429979
1989-04-07,29.999995,30.12503,29.875002,29.999995,911600,4.429979
1989-04-06,30.500009,30.500009,29.750007,30.12503,2371600,4.448442
1989-04-05,30.749998,30.875033,30.625004,30.625004,1604000,4.522271
1989-04-04,30.500009,31.000026,30.500009,30.875033,917200,4.559192
1989-04-03,30.375016,30.625004,30.12503,30.625004,991200,4.522271
1989-03-31,30.375016,30.375016,30.12503,30.12503,1006400,4.448442
1989-03-30,30.12503,30.250023,29.750007,30.250023,990000,4.466899
1989-03-29,30.500009,30.625004,29.999995,30.250023,653200,4.466899
1989-03-28,30.500009,30.749998,30.250023,30.625004,1784000,4.522271
1989-03-27,30.12503,30.375016,29.999995,30.250023,802800,4.466899
1989-03-23,30.250023,30.375016,29.999995,30.12503,793600,4.448442
1989-03-22,29.999995,30.250023,29.875002,30.250023,1788400,4.466899
1989-03-21,29.000004,30.12503,29.000004,30.12503,1271600,4.448442
1989-03-20,29.999995,30.12503,29.124997,29.625013,1133600,4.374607
1989-03-17,29.50002,30.250023,29.50002,30.12503,1908800,4.448442
1989-03-16,31.000026,31.125019,30.500009,30.749998,2084000,4.540729
1989-03-15,30.500009,30.875033,30.500009,30.749998,1704800,4.540729
1989-03-14,31.000026,31.000026,30.500009,30.625004,1436800,4.522271
1989-03-13,30.500009,31.000026,30.500009,30.749998,1088800,4.540729
1989-03-10,30.749998,30.749998,30.12503,30.375016,1281600,4.485357
1989-03-09,30.875033,30.875033,30.625004,30.875033,1529200,4.559192
1989-03-08,31.250014,31.375007,30.749998,30.875033,3082000,4.559192
1989-03-07,30.749998,32.000017,30.500009,31.750029,3802800,4.688399
1989-03-06,29.375027,30.749998,29.250034,30.625004,2812000,4.522271
1989-03-03,28.500031,29.000004,28.374994,28.875011,2550000,4.263857
1989-03-02,28.000015,28.500031,27.625033,28.250001,4827600,4.171564
1989-03-01,28.374994,28.500031,27.625033,27.750026,982000,4.097735
1989-02-28,28.625024,28.625024,28.000015,28.374994,1450800,4.190021
1989-02-27,28.625024,28.750017,28.374994,28.625024,737200,4.226942
1989-02-24,29.000004,29.124997,28.250001,28.625024,587600,4.226942
1989-02-23,28.750017,29.124997,28.625024,29.124997,1785600,4.263857
1989-02-22,29.250034,29.250034,28.625024,28.750017,712400,4.20896
1989-02-21,29.375027,29.625013,29.124997,29.250034,1269200,4.282162
1989-02-17,29.124997,29.50002,28.875011,29.375027,869200,4.300461
1989-02-16,29.250034,29.250034,28.875011,29.124997,1830400,4.263857
1989-02-15,28.500031,29.000004,28.500031,29.000004,504400,4.245558
1989-02-14,29.375027,29.50002,28.250001,28.500031,624800,4.172363
1989-02-13,29.000004,29.50002,29.000004,29.124997,398400,4.263857
1989-02-10,28.875011,29.375027,28.875011,29.124997,1060800,4.263857
1989-02-09,29.50002,29.50002,29.000004,29.000004,1542400,4.245558
1989-02-08,30.250023,30.250023,29.750007,29.750007,908000,4.355357
1989-02-07,29.50002,30.250023,29.375027,30.250023,890000,4.428559
1989-02-06,29.875002,29.875002,29.250034,29.50002,1370000,4.31876
1989-02-03,29.999995,30.250023,29.750007,29.875002,1576000,4.373656
1989-02-02,30.375016,30.375016,29.875002,30.12503,2016800,4.41026
1989-02-01,29.625013,30.875033,29.625013,30.250023,3405200,4.428559
1989-01-31,29.124997,29.625013,28.875011,29.50002,1514000,4.31876
1989-01-30,29.000004,29.250034,28.875011,29.124997,1128800,4.263857
1989-01-27,28.875011,29.124997,28.750017,28.875011,1216800,4.227259
1989-01-26,28.625024,29.000004,28.500031,28.750017,2615200,4.20896
1989-01-25,28.875011,28.875011,28.374994,28.625024,1124800,4.190662
1989-01-24,28.750017,29.250034,28.625024,29.000004,862400,4.245558
1989-01-23,29.875002,29.999995,28.625024,28.750017,712000,4.20896
1989-01-20,29.750007,30.12503,29.625013,29.625013,2163200,4.337058
1989-01-19,30.500009,30.500009,29.625013,29.875002,1334400,4.373656
1989-01-18,29.625013,30.375016,29.50002,30.375016,2328800,4.446858
1989-01-17,29.50002,29.625013,29.250034,29.375027,1689200,4.300461
1989-01-16,29.250034,29.750007,29.250034,29.250034,853600,4.282162
1989-01-13,29.124997,29.375027,29.000004,29.250034,1462800,4.282162
1989-01-12,29.000004,29.50002,28.750017,29.124997,2365600,4.263857
1989-01-11,28.500031,29.124997,28.374994,29.124997,1406000,4.263857
1989-01-10,28.625024,28.750017,28.374994,28.625024,961200,4.190662
1989-01-09,28.625024,28.750017,28.374994,28.625024,1004800,4.190662
1989-01-06,28.125008,28.875011,28.125008,28.625024,3044000,4.190662
1989-01-05,28.250001,28.500031,28.125008,28.125008,1318000,4.11746
1989-01-04,27.499998,28.250001,27.499998,28.250001,955600,4.135759
1989-01-03,28.125008,28.125008,27.499998,27.499998,753600,4.025959
1988-12-30,28.125008,28.250001,27.875022,28.000015,641600,4.099161
1988-12-29,27.750026,28.125008,27.625033,28.125008,940000,4.11746
1988-12-28,27.750026,27.875022,27.499998,27.499998,1138400,4.025959
1988-12-27,27.875022,28.374994,27.625033,27.625033,1756000,4.044264
1988-12-23,27.499998,27.875022,27.499998,27.750026,562400,4.062563
1988-12-22,27.499998,28.000015,27.250012,27.499998,2387200,4.025959
1988-12-21,27.250012,27.625033,27.000024,27.499998,1325200,4.025959
1988-12-20,27.499998,27.750026,27.000024,27.000024,1065200,3.952764
1988-12-19,26.87503,27.750026,26.87503,27.499998,1371200,4.025959
1988-12-16,26.500009,27.125019,26.500009,27.000024,2112800,3.952764
1988-12-15,26.749995,27.125019,26.625002,26.749995,1621200,3.91616
1988-12-14,27.125019,27.125019,26.375014,26.749995,1680000,3.91616
1988-12-13,27.250012,27.375005,26.625002,27.375005,1333600,4.007661
1988-12-12,27.750026,27.875022,27.375005,27.499998,1173200,4.025959
1988-12-09,27.125019,27.750026,27.125019,27.750026,2616800,4.062563
1988-12-08,27.750026,27.750026,27.250012,27.250012,1048400,3.989362
1988-12-07,27.125019,28.000015,27.000024,28.000015,1631200,4.099161
1988-12-06,26.87503,27.250012,26.749995,27.250012,1050800,3.989362
1988-12-05,26.375014,27.000024,26.375014,26.87503,676400,3.934465
1988-12-02,26.250021,26.749995,26.250021,26.375014,1307600,3.861263
1988-12-01,26.500009,26.87503,26.375014,26.500009,758000,3.879562
1988-11-30,26.749995,26.87503,26.500009,26.625002,883600,3.897861
1988-11-29,27.000024,27.125019,26.625002,26.625002,1245200,3.897861
1988-11-28,26.749995,27.250012,26.625002,26.749995,1256400,3.91616
1988-11-25,26.125028,26.625002,25.999992,26.500009,652400,3.879562
1988-11-23,26.500009,26.500009,25.874999,25.874999,1164800,3.751464
1988-11-22,25.625011,26.625002,25.625011,26.250021,1374400,3.805836
1988-11-21,26.375014,26.375014,25.124996,25.625011,874800,3.71522
1988-11-18,25.375025,26.125028,25.250032,26.125028,570400,3.787714
1988-11-17,25.500018,25.999992,25.124996,25.500018,1498800,3.697098
1988-11-16,27.000024,27.000024,25.375025,25.500018,1095600,3.697098
1988-11-15,26.500009,27.000024,26.500009,27.000024,1355600,3.914575
1988-11-14,26.375014,26.625002,26.250021,26.500009,1557200,3.842081
1988-11-11,26.250021,26.625002,26.125028,26.125028,712800,3.787714
1988-11-10,26.500009,26.749995,26.375014,26.500009,544000,3.842081
1988-11-09,26.625002,26.625002,26.375014,26.500009,632000,3.842081
1988-11-08,26.87503,27.125019,26.87503,26.87503,976400,3.896453
1988-11-07,26.625002,26.87503,26.625002,26.749995,623200,3.878325
1988-11-04,27.000024,27.000024,26.500009,26.625002,828800,3.860203
1988-11-03,27.000024,27.375005,26.87503,27.375005,750800,3.968941
1988-11-02,25.999992,26.625002,25.874999,26.375014,854800,3.823958
1988-11-01,25.750006,25.999992,25.500018,25.874999,796400,3.751464
1988-10-31,25.625011,25.874999,25.500018,25.750006,272800,3.733342
1988-10-28,25.625011,25.874999,25.500018,25.750006,1293200,3.733342
1988-10-27,26.125028,26.250021,25.500018,25.500018,903200,3.697098
1988-10-26,26.749995,26.749995,26.250021,26.250021,844800,3.805836
1988-10-25,27.125019,27.125019,26.500009,26.625002,549600,3.860203
1988-10-24,28.000015,28.000015,26.87503,26.87503,1620800,3.896453
1988-10-21,27.625033,28.000015,27.125019,28.000015,2091200,4.059558
1988-10-20,27.375005,27.750026,27.125019,27.750026,715200,4.023313
1988-10-19,26.500009,27.625033,26.375014,27.375005,1636000,3.968941
1988-10-18,25.874999,26.500009,25.874999,26.500009,1277600,3.842081
1988-10-17,25.500018,26.125028,25.500018,25.874999,1997600,3.751464
1988-10-14,25.375025,25.375025,24.875008,25.250032,1593600,3.660854
1988-10-13,25.500018,25.625011,25.124996,25.124996,583200,3.642726
1988-10-12,25.250032,25.500018,24.875008,25.500018,1362400,3.697098
1988-10-11,26.125028,26.125028,25.500018,25.500018,758800,3.697098
1988-10-10,25.625011,26.250021,25.625011,26.250021,912400,3.805836
1988-10-07,25.500018,25.750006,25.250032,25.750006,1916400,3.733342
1988-10-06,25.500018,25.625011,25.124996,25.375025,3949200,3.678976
1988-10-05,25.250032,25.750006,25.000001,25.625011,2612400,3.71522
1988-10-04,25.625011,25.625011,25.124996,25.375025,1276400,3.678976
1988-10-03,25.000001,25.625011,25.000001,25.375025,1317200,3.678976
1988-09-30,25.750006,25.874999,25.250032,25.250032,2143600,3.660854
1988-09-29,26.375014,26.375014,25.750006,25.750006,1192000,3.733342
1988-09-28,26.375014,26.375014,25.999992,26.250021,1119600,3.805836
1988-09-27,26.87503,26.87503,26.250021,26.250021,602800,3.805836
1988-09-26,26.500009,26.87503,26.375014,26.749995,736400,3.878325
1988-09-23,26.375014,26.625002,26.250021,26.500009,826400,3.842081
1988-09-22,26.625002,26.749995,26.250021,26.500009,1625200,3.842081
1988-09-21,26.87503,27.000024,26.125028,26.500009,3949200,3.842081
1988-09-20,26.500009,27.250012,26.500009,27.000024,1558000,3.914575
1988-09-19,26.625002,26.625002,26.125028,26.375014,725200,3.823958
1988-09-16,26.125028,26.87503,26.125028,26.87503,1512000,3.896453
1988-09-15,27.000024,27.000024,26.375014,26.500009,744800,3.842081
1988-09-14,26.625002,27.000024,26.500009,27.000024,1617600,3.914575
1988-09-13,25.999992,26.375014,25.750006,26.375014,2270000,3.823958
1988-09-12,25.750006,25.999992,25.625011,25.999992,1714800,3.769586
1988-09-09,25.999992,26.125028,25.750006,25.750006,1093200,3.733342
1988-09-08,26.500009,26.500009,25.874999,25.999992,2252400,3.769586
1988-09-07,26.125028,26.749995,25.750006,26.749995,1937600,3.878325
1988-09-06,26.625002,26.625002,26.250021,26.375014,1370000,3.823958
1988-09-02,26.87503,27.250012,26.625002,26.749995,1901200,3.878325
1988-09-01,26.625002,26.87503,26.625002,26.625002,832400,3.860203
1988-08-31,26.625002,26.87503,26.625002,26.625002,1248800,3.860203
1988-08-30,27.250012,27.250012,26.500009,26.500009,2265600,3.842081
1988-08-29,26.87503,27.375005,26.87503,27.250012,2875600,3.950819
1988-08-26,27.000024,27.250012,26.625002,26.87503,797200,3.896453
1988-08-25,27.750026,27.750026,27.000024,27.250012,1805200,3.914575
1988-08-24,27.499998,27.875022,27.499998,27.750026,1668800,3.986404
1988-08-23,27.750026,27.875022,27.375005,27.499998,1242400,3.950487
1988-08-22,28.374994,28.500031,27.499998,27.499998,1306400,3.950487
1988-08-19,28.374994,28.625024,28.374994,28.374994,394000,4.076183
1988-08-18,28.125008,28.500031,27.875022,28.250001,626800,4.058228
1988-08-17,28.125008,28.250001,28.000015,28.250001,594800,4.058228
1988-08-16,28.000015,28.625024,27.875022,27.875022,1521600,4.00436
1988-08-15,28.500031,28.500031,28.000015,28.125008,1060000,4.040272
1988-08-12,28.625024,28.875011,28.500031,28.750017,541200,4.130057
1988-08-11,28.875011,29.000004,28.374994,28.750017,1600400,4.130057
1988-08-10,28.625024,28.750017,28.500031,28.625024,968000,4.112101
1988-08-09,28.625024,29.375027,28.125008,28.875011,3316800,4.148013
1988-08-08,27.750026,28.875011,27.750026,28.625024,1314000,4.112101
1988-08-05,28.000015,28.000015,27.499998,27.875022,1639600,4.00436
1988-08-04,28.875011,28.875011,28.000015,28.000015,1558000,4.022316
1988-08-03,29.000004,29.250034,28.625024,28.750017,1058400,4.130057
1988-08-02,29.375027,29.50002,29.000004,29.124997,1042400,4.183924
1988-08-01,28.875011,29.250034,28.625024,29.250034,1485200,4.201886
1988-07-29,28.750017,29.250034,28.500031,29.000004,1869200,4.165969
1988-07-28,28.250001,28.875011,28.000015,28.500031,1097200,4.094145
1988-07-27,28.875011,29.000004,28.374994,28.374994,518400,4.076183
1988-07-26,28.374994,28.875011,28.374994,28.750017,360800,4.130057
1988-07-25,28.125008,28.625024,28.125008,28.625024,583200,4.112101
1988-07-22,29.000004,29.000004,27.750026,28.374994,1472800,4.076183
1988-07-21,29.000004,29.000004,28.374994,28.750017,1346800,4.130057
1988-07-20,29.000004,29.250034,29.000004,29.000004,1045600,4.165969
1988-07-19,29.875002,29.875002,28.750017,29.000004,941600,4.165969
1988-07-18,29.250034,29.875002,29.000004,29.625013,1118800,4.255754
1988-07-15,28.500031,29.250034,28.500031,29.250034,1329200,4.201886
1988-07-14,28.374994,28.875011,28.374994,28.500031,1360400,4.094145
1988-07-13,29.124997,29.124997,28.250001,28.750017,2592000,4.130057
1988-07-12,29.750007,29.750007,29.124997,29.375027,2222400,4.219842
1988-07-11,29.875002,29.999995,29.625013,29.750007,1452800,4.27371
1988-07-08,29.999995,30.250023,29.750007,29.750007,1061200,4.27371
1988-07-07,29.375027,30.250023,29.375027,30.12503,1470400,4.327583
1988-07-06,30.375016,30.375016,29.250034,29.50002,3301200,4.237798
1988-07-05,29.250034,30.12503,29.000004,29.999995,1347600,4.309621
1988-07-01,29.50002,29.50002,29.124997,29.124997,1435200,4.183924
1988-06-30,29.250034,29.750007,29.250034,29.375027,4128800,4.219842
1988-06-29,30.375016,30.375016,29.625013,30.12503,1097200,4.327583
1988-06-28,30.12503,30.500009,29.999995,30.250023,1361200,4.345539
1988-06-27,30.12503,30.250023,29.750007,29.875002,1385600,4.291666
1988-06-24,30.500009,30.500009,29.625013,29.999995,2618800,4.309621
1988-06-23,31.50,31.625036,30.375016,30.625004,2452800,4.399407
1988-06-22,31.750029,32.374996,31.250014,31.375007,1267600,4.507147
1988-06-21,31.625036,32.12501,31.50,31.625036,1397600,4.543065
1988-06-20,31.750029,31.750029,31.375007,31.625036,260400,4.543065
1988-06-17,31.625036,32.000017,31.375007,32.000017,1246800,4.596933
1988-06-16,32.250003,32.250003,30.875033,31.375007,1104800,4.507147
1988-06-15,33.37503,33.37503,32.250003,32.625027,1479200,4.686718
1988-06-14,32.875013,33.625016,32.875013,33.37503,1368000,4.794459
1988-06-13,33.250034,33.37503,32.875013,32.875013,1015200,4.722629
1988-06-10,33.000006,33.750011,33.000006,33.37503,1269600,4.794459
1988-06-09,32.875013,33.500023,32.75002,33.000006,1627600,4.740585
1988-06-08,32.000017,32.875013,32.000017,32.875013,1051200,4.722629
1988-06-07,31.375007,32.250003,31.000026,32.000017,1502000,4.596933
1988-06-06,31.50,31.50,30.875033,31.375007,667200,4.507147
1988-06-03,31.875022,32.000017,30.875033,31.250014,1812000,4.489192
1988-06-02,32.500032,32.625027,31.50,31.750029,2484400,4.561021
1988-06-01,32.625027,33.000006,32.000017,32.500032,2119600,4.668762
1988-05-31,31.50,32.500032,31.250014,32.374996,905200,4.6508
1988-05-27,32.000017,32.000017,30.749998,31.125019,750800,4.471236
1988-05-26,32.12501,32.374996,31.625036,31.875022,727600,4.578977
1988-05-25,32.374996,32.875013,32.374996,32.374996,1316000,4.614888
1988-05-24,32.374996,32.500032,32.374996,32.500032,587600,4.632712
1988-05-23,32.75002,32.875013,32.250003,32.374996,652400,4.614888
1988-05-20,32.500032,33.000006,32.374996,33.000006,504800,4.70398
1988-05-19,32.374996,32.75002,32.000017,32.75002,1146400,4.668346
1988-05-18,32.75002,33.000006,32.000017,32.12501,1445200,4.579254
1988-05-17,33.750011,33.750011,32.75002,32.75002,1062000,4.668346
1988-05-16,32.75002,33.750011,32.625027,33.250034,782000,4.739621
1988-05-13,32.500032,33.250034,32.500032,33.000006,944400,4.70398
1988-05-12,32.500032,32.75002,32.250003,32.374996,1421600,4.614888
1988-05-11,31.000026,31.625036,31.000026,31.50,1453600,4.490162
1988-05-10,32.625027,32.75002,32.000017,32.000017,1477200,4.561437
1988-05-09,32.75002,33.000006,32.500032,32.625027,1396400,4.650529
1988-05-06,33.124999,33.750011,33.124999,33.500023,1852000,4.775255
1988-05-05,33.500023,33.750011,33.000006,33.37503,614800,4.757438
1988-05-04,33.750011,34.000037,33.750011,33.750011,813200,4.81089
1988-05-03,33.500023,34.250023,33.37503,34.000037,933600,4.84653
1988-05-02,33.37503,33.750011,33.000006,33.500023,757200,4.775255
1988-04-29,34.375019,34.375019,33.250034,33.625016,718000,4.793072
1988-04-28,34.625005,34.875035,34.125032,34.500014,776000,4.917799
1988-04-27,34.875035,35.000026,34.500014,34.875035,1650400,4.971256
1988-04-26,34.500014,35.000026,34.250023,34.875035,1170800,4.971256
1988-04-25,34.000037,34.75,33.625016,34.625005,1299600,4.935616
1988-04-22,34.875035,34.875035,34.000037,34.250023,957200,4.882164
1988-04-21,33.875002,34.875035,33.875002,34.125032,1029600,4.864347
1988-04-20,34.125032,34.75,34.000037,34.125032,878400,4.864347
1988-04-19,34.625005,34.875035,34.375019,34.375019,1184800,4.899981
1988-04-18,34.75,34.875035,34.125032,34.625005,710400,4.935616
1988-04-15,34.375019,34.75,33.750011,34.125032,2196800,4.864347
1988-04-14,36.125011,36.125011,34.250023,34.500014,2701200,4.917799
1988-04-13,36.250006,36.375001,35.875024,36.375001,1534800,5.185068
1988-04-12,36.000019,36.250006,35.500003,36.125011,2373200,5.149434
1988-04-11,36.500036,36.500036,35.750033,36.000019,2264400,5.131617
1988-04-08,35.750033,36.000019,35.125021,35.500003,3653600,5.060342
1988-04-07,35.250017,35.875024,34.75,35.750033,3376400,5.095982
1988-04-06,34.125032,35.250017,33.750011,35.250017,3537600,5.024708
1988-04-05,33.750011,34.250023,33.625016,34.000037,1376800,4.84653
1988-04-04,33.625016,34.250023,33.37503,34.125032,1739200,4.864347
1988-03-31,33.124999,34.000037,32.875013,33.875002,1894800,4.828707
1988-03-30,33.000006,33.625016,32.75002,33.37503,2324400,4.757438
1988-03-29,32.12501,32.500032,32.000017,32.374996,988800,4.614888
1988-03-28,30.749998,32.374996,30.749998,32.000017,1202800,4.561437
1988-03-25,32.250003,32.250003,31.375007,31.50,1542400,4.490162
1988-03-24,33.500023,33.500023,31.875022,32.12501,1018800,4.579254
1988-03-23,34.000037,34.125032,33.625016,33.625016,2336400,4.793072
1988-03-22,33.750011,34.250023,33.750011,34.125032,697600,4.864347
1988-03-21,34.375019,34.375019,33.750011,34.250023,1309600,4.882164
1988-03-18,34.000037,34.75,34.000037,34.375019,2539600,4.899981
1988-03-17,32.374996,33.750011,31.875022,33.500023,1946000,4.775255
1988-03-16,31.250014,32.374996,31.250014,32.250003,1310000,4.597071
1988-03-15,31.750029,31.750029,31.125019,31.625036,1662400,4.507985
1988-03-14,31.000026,31.750029,31.000026,31.625036,1848000,4.507985
1988-03-11,30.250023,31.375007,30.12503,30.749998,2166400,4.383253
1988-03-10,29.999995,31.000026,29.875002,30.12503,3552400,4.294167
1988-03-09,29.999995,30.500009,29.750007,29.999995,3046800,4.276344
1988-03-08,29.750007,30.250023,29.750007,29.999995,2980000,4.276344
1988-03-07,29.750007,29.875002,29.375027,29.625013,826800,4.222893
1988-03-04,30.250023,30.250023,29.50002,29.999995,1602800,4.276344
1988-03-03,30.250023,30.375016,29.875002,30.12503,1749600,4.294167
1988-03-02,30.500009,30.625004,29.999995,30.375016,1426000,4.329802
1988-03-01,31.750029,31.750029,30.250023,30.500009,2033600,4.347619
1988-02-29,31.250014,31.750029,31.125019,31.750029,618000,4.525803
1988-02-26,31.375007,31.50,31.000026,31.50,1729200,4.454528
1988-02-25,31.750029,32.12501,31.50,31.750029,1558400,4.489885
1988-02-24,31.250014,32.000017,31.250014,31.625036,1727600,4.47221
1988-02-23,31.000026,31.250014,30.250023,30.625004,1182800,4.330792
1988-02-22,31.625036,31.875022,31.000026,31.375007,1133200,4.436852
1988-02-19,31.000026,31.875022,30.500009,31.875022,974800,4.507561
1988-02-18,30.500009,31.750029,30.500009,31.250014,1446400,4.419177
1988-02-17,30.250023,30.875033,30.250023,30.749998,1478000,4.348467
1988-02-16,29.999995,30.749998,29.999995,30.250023,912800,4.277764
1988-02-12,31.625036,31.625036,30.375016,30.749998,1833600,4.348467
1988-02-11,31.375007,32.12501,31.000026,31.50,2829600,4.454528
1988-02-10,29.999995,31.000026,29.875002,30.875033,1842000,4.366149
1988-02-09,28.500031,29.750007,28.374994,29.750007,562800,4.207055
1988-02-08,28.500031,28.750017,28.250001,28.750017,858400,4.065643
1988-02-05,29.50002,29.750007,28.875011,29.000004,1403600,4.100994
1988-02-04,29.50002,29.625013,28.625024,29.625013,2138800,4.189379
1988-02-03,29.000004,29.750007,28.875011,29.250034,1628000,4.136352
1988-02-02,28.500031,29.000004,28.500031,29.000004,1124400,4.100994
1988-02-01,29.999995,30.12503,28.500031,28.625024,1624400,4.047967
1988-01-29,27.750026,28.625024,27.625033,28.625024,1197200,4.047967
1988-01-28,27.125019,27.499998,26.87503,27.499998,874000,3.888873
1988-01-27,26.625002,27.250012,26.500009,26.87503,934800,3.800494
1988-01-26,26.625002,26.625002,26.250021,26.500009,378400,3.747461
1988-01-25,25.874999,27.375005,25.874999,26.625002,1663600,3.765137
1988-01-22,25.750006,25.999992,25.124996,25.625011,1130800,3.623725
1988-01-21,26.250021,26.250021,25.625011,25.625011,618000,3.623725
1988-01-20,26.250021,26.375014,25.375025,25.750006,1167600,3.641401
1988-01-19,25.750006,26.375014,25.625011,26.250021,987600,3.71211
1988-01-18,25.750006,26.250021,25.500018,25.999992,688400,3.676752
1988-01-15,26.125028,26.500009,25.625011,26.500009,1074000,3.747461
1988-01-14,25.000001,25.375025,24.875008,25.250032,594000,3.570697
1988-01-13,24.875008,25.874999,24.374994,25.500018,515200,3.606049
1988-01-12,25.250032,25.375025,24.374994,24.625022,1068000,3.482313
1988-01-11,25.625011,25.999992,24.374994,25.500018,1240400,3.606049
1988-01-08,28.000015,28.125008,25.000001,25.250032,2353600,3.570697
1988-01-07,26.500009,28.500031,26.375014,28.000015,1663600,3.959582
1988-01-06,26.749995,26.87503,26.375014,26.625002,816400,3.765137
1988-01-05,27.000024,27.375005,26.87503,27.000024,1519200,3.81817
1988-01-04,24.750015,26.749995,24.750015,26.375014,1159200,3.729785
1987-12-31,24.750015,24.875008,24.125005,24.750015,1134400,3.499988
1987-12-30,25.500018,26.125028,25.250032,25.375025,1040800,3.588373
1987-12-29,25.999992,26.375014,25.500018,25.750006,485600,3.641401
1987-12-28,26.500009,26.749995,25.500018,26.500009,886800,3.747461
1987-12-24,28.500031,28.500031,27.000024,27.375005,916400,3.871198
1987-12-23,26.125028,28.500031,25.625011,28.250001,2089200,3.994934
1987-12-22,25.250032,26.125028,25.000001,26.125028,1908800,3.694434
1987-12-21,25.999992,26.125028,24.625022,25.500018,1814800,3.606049
1987-12-18,24.374994,25.500018,24.000012,25.375025,2033200,3.588373
1987-12-17,24.500029,25.000001,24.249999,24.500029,3274000,3.464637
1987-12-16,24.249999,25.124996,23.625031,25.124996,3749200,3.553016
1987-12-15,24.000012,24.125005,23.499996,23.875019,2538800,3.376252
1987-12-14,25.250032,25.375025,23.625031,24.000012,1576400,3.393928
1987-12-11,24.125005,25.000001,23.875019,24.625022,1709600,3.482313
1987-12-10,23.499996,25.000001,23.250009,24.374994,1710000,3.446955
1987-12-09,24.000012,24.374994,23.625031,24.000012,1711600,3.393928
1987-12-08,23.625031,24.500029,23.625031,24.249999,1392800,3.429279
1987-12-07,23.125016,24.000012,23.125016,23.875019,1297600,3.376252
1987-12-04,23.499996,24.000012,23.000023,23.375003,2245200,3.305543
1987-12-03,24.000012,24.000012,23.375003,23.499996,1465200,3.323219
1987-12-02,24.374994,24.625022,23.499996,24.000012,1858800,3.393928
1987-12-01,24.249999,24.875008,24.000012,24.374994,1009200,3.446955
1987-11-30,23.750026,24.000012,22.875028,23.499996,2124400,3.323219
1987-11-27,25.124996,25.375025,24.875008,24.875008,488000,3.517664
1987-11-25,26.375014,26.375014,25.000001,25.375025,938000,3.588373
1987-11-24,26.625002,27.250012,25.999992,26.625002,1483200,3.765137
1987-11-23,25.625011,26.87503,25.250032,26.87503,1498800,3.765143
1987-11-20,24.000012,25.500018,23.625031,25.500018,2253600,3.572506
1987-11-19,25.999992,25.999992,24.125005,24.249999,2501600,3.397381
1987-11-18,25.874999,26.250021,25.500018,26.250021,1431600,3.67758
1987-11-17,25.999992,26.250021,25.500018,25.999992,1231200,3.642552
1987-11-16,25.750006,26.250021,25.625011,25.999992,915600,3.642552
1987-11-13,25.124996,25.625011,24.500029,25.500018,4197200,3.572506
1987-11-12,25.000001,25.375025,24.374994,24.875008,3352800,3.484943
1987-11-11,24.000012,24.500029,23.875019,24.000012,1147200,3.362358
1987-11-10,23.625031,25.000001,23.250009,23.750026,3208000,3.327335
1987-11-09,25.000001,25.000001,23.625031,23.750026,4448800,3.327335
1987-11-06,25.750006,26.87503,25.124996,25.375025,1080400,3.554995
1987-11-05,24.875008,26.749995,24.875008,25.999992,2795200,3.642552
1987-11-04,26.375014,26.375014,24.625022,24.875008,2986400,3.484943
1987-11-03,27.499998,28.250001,26.250021,27.000024,1188800,3.782654
1987-11-02,27.125019,28.875011,26.625002,28.875011,1507200,4.045336
1987-10-30,29.000004,29.000004,26.625002,27.000024,1876400,3.782654
1987-10-29,22.375013,25.999992,22.250018,25.250032,2392400,3.537483
1987-10-28,21.750004,23.000023,21.124994,22.125025,3029200,3.099676
1987-10-27,22.875028,23.375003,21.99999,22.500007,3317600,3.15221
1987-10-26,24.125005,24.374994,20.125003,21.874997,2303200,3.064647
1987-10-23,24.500029,25.000001,24.000012,24.750015,2308400,3.467432
1987-10-22,24.750015,26.749995,24.249999,25.000001,3010800,3.502455
1987-10-21,24.374994,28.000015,24.374994,27.875022,5160800,3.90524
1987-10-20,26.500009,28.750017,23.125016,25.999992,2955600,3.642552
1987-10-19,31.625036,31.625036,25.124996,25.124996,3637200,3.519966
1987-10-16,35.250017,35.250017,31.000026,32.374996,3136000,4.535678
1987-10-15,35.000026,35.875024,34.625005,35.125021,2081200,4.920952
1987-10-14,37.37503,37.37503,35.375008,35.875024,2259600,5.026026
1987-10-13,37.750011,38.250028,36.875013,37.500025,1353600,5.253685
1987-10-12,37.875006,37.999998,36.250006,37.250039,1088800,5.218663
1987-10-09,38.500014,38.500014,37.625016,37.875006,746400,5.306219
1987-10-08,39.875029,39.875029,37.750011,38.500014,1836000,5.393782
1987-10-07,39.875029,39.875029,39.125022,39.625038,1206800,5.551396
1987-10-06,40.250006,41.000009,39.875029,39.875029,2034000,5.586419
1987-10-05,40.250006,40.750023,40.250006,40.750023,1283200,5.709004
1987-10-02,38.75,40.625031,35.500003,40.250006,1396800,5.638953
1987-10-01,39.000031,39.375012,38.75,39.000031,1120800,5.463833
1987-09-30,39.375012,39.500003,39.125022,39.125022,787600,5.481344
1987-09-29,39.625038,39.875029,39.125022,39.375012,564800,5.516367
1987-09-28,40.00002,40.125015,39.625038,39.750033,921200,5.568907
1987-09-25,39.375012,39.750033,39.375012,39.750033,398000,5.568907
1987-09-24,39.375012,39.750033,39.375012,39.375012,590800,5.516367
1987-09-23,39.625038,39.625038,39.125022,39.500003,1143600,5.533879
1987-09-22,38.625009,39.625038,38.500014,39.625038,922000,5.551396
1987-09-21,38.375019,39.125022,38.125033,38.500014,889200,5.393782
1987-09-18,38.500014,38.625009,38.125033,38.375019,675600,5.37627
1987-09-17,38.125033,38.500014,37.999998,38.250028,879200,5.358759
1987-09-16,37.500025,38.500014,37.500025,37.999998,739200,5.32373
1987-09-15,38.375019,38.375019,37.250039,37.750011,664000,5.288708
1987-09-14,38.875036,38.875036,38.125033,38.625009,529200,5.411293
1987-09-11,37.625016,38.875036,37.625016,38.875036,1017600,5.446322
1987-09-10,37.250039,37.750011,37.250039,37.500025,1506800,5.253685
1987-09-09,37.625016,37.875006,36.750022,37.000008,1876000,5.183634
1987-09-08,37.125004,37.37503,36.375001,37.37503,1570800,5.236174
1987-09-04,38.875036,39.000031,37.000008,37.125004,1541600,5.201145
1987-09-03,40.375001,40.500036,37.999998,38.625009,999600,5.411293
1987-09-02,40.750023,40.875018,39.500003,39.875029,1296400,5.586419
1987-09-01,40.750023,41.500025,40.625031,41.000009,1512800,5.744027
1987-08-31,39.875029,40.875018,39.750033,40.500036,1035200,5.673981
1987-08-28,39.375012,40.625031,39.250017,39.375012,770800,5.516367
1987-08-27,40.625031,41.000009,40.250006,40.625031,1606400,5.65647
1987-08-26,41.875007,41.875007,41.000009,41.125004,1231200,5.726084
1987-08-25,41.125004,42.250028,41.125004,41.875007,2675600,5.830512
1987-08-24,41.625021,41.750012,41.125004,41.500025,1203200,5.778301
1987-08-21,41.125004,42.250028,41.000009,41.750012,1808400,5.813108
1987-08-20,40.125015,44.25001,40.00002,41.375034,2482800,5.760898
1987-08-19,38.75,40.00002,38.75,39.500003,1311600,5.499826
1987-08-18,38.625009,39.000031,38.250028,39.000031,2143200,5.430211
1987-08-17,39.875029,39.875029,38.875036,39.125022,1964000,5.447615
1987-08-14,40.375001,40.625031,39.375012,39.625038,3072000,5.517235
1987-08-13,41.375034,41.375034,40.625031,40.875018,890000,5.691277
1987-08-12,41.875007,41.875007,40.750023,41.125004,1456000,5.726084
1987-08-11,41.500025,41.875007,41.000009,41.875007,2540000,5.830512
1987-08-10,41.125004,41.625021,40.625031,40.750023,742400,5.673873
1987-08-07,41.250039,41.750012,40.875018,41.250039,957200,5.743494
1987-08-06,41.875007,42.000042,41.125004,41.625021,1091600,5.795705
1987-08-05,42.000042,42.500014,41.750012,42.000042,2180400,5.847921
1987-08-04,42.500014,42.62501,41.875007,42.000042,1522000,5.847921
1987-08-03,41.750012,42.750005,41.750012,42.250028,2338000,5.882728
1987-07-31,40.500036,40.875018,40.375001,40.750023,658000,5.673873
1987-07-30,40.250006,40.750023,40.125015,40.125015,1209600,5.58685
1987-07-29,40.00002,40.500036,39.750033,40.00002,1645600,5.569446
1987-07-28,39.625038,40.00002,39.125022,40.00002,1355600,5.569446
1987-07-27,39.375012,39.625038,39.000031,39.500003,1524000,5.499826
1987-07-24,38.875036,39.000031,38.250028,38.875036,1836400,5.412808
1987-07-23,39.875029,39.875029,38.375019,38.625009,1833600,5.377995
1987-07-22,41.375034,41.375034,39.500003,39.750033,2409200,5.534639
1987-07-21,42.375023,42.750005,41.000009,41.625021,988000,5.795705
1987-07-20,42.250028,42.750005,42.250028,42.500014,748400,5.917535
1987-07-17,43.000031,43.125026,42.250028,42.62501,1834000,5.934939
1987-07-16,41.875007,43.000031,41.875007,42.750005,3300400,5.952343
1987-07-15,41.000009,42.000042,40.875018,41.750012,1623200,5.813108
1987-07-14,41.750012,44.500037,41.250039,41.625021,1558800,5.795705
1987-07-13,41.375034,44.750027,41.000009,41.750012,1533200,5.813108
1987-07-10,41.375034,41.500025,40.875018,41.375034,1342000,5.760898
1987-07-09,40.875018,41.500025,40.625031,41.000009,1265200,5.708681
1987-07-08,40.625031,41.625021,40.500036,40.625031,1496800,5.65647
1987-07-07,38.75,41.000009,38.625009,40.875018,6656800,5.691277
1987-07-06,38.250028,38.75,37.750011,38.500014,1777200,5.360591
1987-07-02,37.875006,38.500014,37.875006,37.999998,813600,5.290971
1987-07-01,37.750011,37.750011,37.250039,37.750011,591200,5.256164
1987-06-30,38.375019,38.375019,37.250039,37.999998,786800,5.290971
1987-06-29,37.125004,38.500014,37.125004,38.250028,2638400,5.325784
1987-06-26,37.000008,37.125004,36.875013,36.875013,861600,5.134332
1987-06-25,36.875013,37.000008,36.750022,36.875013,639200,5.134332
1987-06-24,37.000008,37.000008,36.625027,36.625027,849200,5.099525
1987-06-23,37.000008,37.000008,36.875013,37.000008,1236000,5.151736
1987-06-22,36.625027,37.500025,36.625027,36.750022,1484000,5.116929
1987-06-19,36.000019,36.875013,35.875024,36.875013,1267600,5.134332
1987-06-18,36.000019,36.375001,35.625038,35.750033,834800,4.977695
1987-06-17,36.875013,36.875013,36.375001,36.500036,996000,5.082122
1987-06-16,36.750022,36.875013,36.125011,36.625027,988400,5.099525
1987-06-15,36.875013,37.000008,36.375001,36.625027,753200,5.099525
1987-06-12,36.500036,36.875013,36.125011,36.625027,978000,5.099525
1987-06-11,36.125011,36.250006,35.750033,36.250006,678400,5.047309
1987-06-10,35.625038,36.125011,35.375008,35.875024,2003200,4.995098
1987-06-09,35.625038,35.625038,35.125021,35.500003,573600,4.942881
1987-06-08,35.125021,35.875024,35.000026,35.500003,429200,4.942881
1987-06-05,35.375008,35.500003,35.125021,35.375008,845200,4.925477
1987-06-04,36.125011,36.750022,35.250017,35.375008,2790000,4.925477
1987-06-03,35.500003,36.375001,35.375008,36.125011,1647200,5.029905
1987-06-02,35.750033,35.750033,35.000026,35.375008,1081600,4.925477
1987-06-01,35.750033,36.000019,35.625038,35.750033,826400,4.977695
1987-05-29,36.375001,36.375001,35.750033,35.750033,576000,4.977695
1987-05-28,35.875024,36.375001,35.750033,36.250006,549200,5.047309
1987-05-27,35.875024,36.500036,35.875024,35.875024,1231600,4.995098
1987-05-26,35.625038,36.125011,35.500003,36.125011,1252800,4.995098
1987-05-22,36.000019,36.125011,35.250017,35.625038,1096400,4.925965
1987-05-21,36.125011,36.125011,35.625038,35.875024,1230400,4.960531
1987-05-20,36.000019,36.375001,35.500003,35.875024,1354400,4.960531
1987-05-19,37.250039,37.250039,35.750033,35.750033,1375600,4.943249
1987-05-18,37.37503,37.750011,36.875013,37.37503,1260800,5.167941
1987-05-15,37.750011,38.375019,37.250039,37.250039,894000,5.150658
1987-05-14,38.125033,38.75,37.625016,37.999998,958400,5.254357
1987-05-13,38.625009,38.625009,37.750011,38.375019,2920400,5.306212
1987-05-12,38.75,39.000031,38.375019,38.500014,1436400,5.323496
1987-05-11,39.000031,39.500003,38.125033,38.375019,2617200,5.306212
1987-05-08,38.125033,38.75,37.750011,38.375019,3124800,5.306212
1987-05-07,37.500025,38.500014,37.37503,37.875006,6379600,5.237074
1987-05-06,34.875035,37.000008,34.75,37.000008,2968400,5.116086
1987-05-05,33.750011,35.000026,33.750011,34.875035,1438800,4.82226
1987-05-04,33.875002,34.125032,33.625016,34.000037,886400,4.701272
1987-05-01,34.000037,34.125032,33.750011,34.000037,762400,4.701272
1987-04-30,34.125032,34.75,34.000037,34.125032,2242000,4.718556
1987-04-29,33.000006,34.250023,33.000006,34.000037,1436000,4.701272
1987-04-28,32.500032,33.500023,32.374996,33.000006,1130800,4.562995
1987-04-27,32.000017,32.625027,31.000026,32.250003,2143600,4.459291
1987-04-24,32.75002,33.000006,31.875022,32.12501,1513600,4.442007
1987-04-23,33.750011,33.750011,32.75002,32.875013,1169600,4.545712
1987-04-22,34.375019,34.500014,33.500023,33.500023,1226000,4.632134
1987-04-21,33.875002,34.625005,33.37503,34.375019,1861600,4.753122
1987-04-20,35.125021,35.250017,33.500023,34.125032,1132400,4.718556
1987-04-16,35.125021,35.875024,35.000026,35.250017,2512000,4.87411
1987-04-15,35.125021,35.500003,34.75,35.000026,2025200,4.839543
1987-04-14,35.875024,35.875024,34.75,35.125021,2701200,4.856827
1987-04-13,36.000019,36.250006,35.750033,35.750033,881200,4.943249
1987-04-10,35.750033,36.375001,35.625038,36.250006,1385200,5.012381
1987-04-09,36.500036,36.500036,35.625038,36.375001,1341600,5.029665
1987-04-08,36.375001,36.750022,36.250006,36.500036,1502000,5.046953
1987-04-07,36.750022,37.000008,36.125011,36.125011,1463200,4.995098
1987-04-06,36.750022,36.875013,36.125011,36.875013,2374400,5.098803
1987-04-03,35.875024,36.750022,35.750033,36.375001,2867200,5.029665
1987-04-02,36.375001,36.500036,35.750033,35.875024,1766800,4.960531
1987-04-01,34.500014,35.750033,34.500014,35.500003,1304400,4.908676
1987-03-31,35.000026,35.250017,34.500014,35.000026,1766000,4.839543
1987-03-30,35.375008,35.500003,34.625005,34.875035,1436000,4.82226
1987-03-27,36.000019,36.250006,35.500003,35.625038,1091200,4.925965
1987-03-26,36.125011,36.500036,36.000019,36.000019,1206000,4.977815
1987-03-25,36.000019,36.000019,35.500003,35.750033,1563200,4.943249
1987-03-24,35.750033,36.250006,35.750033,36.000019,1668000,4.977815
1987-03-23,35.625038,36.375001,35.500003,36.375001,1905600,5.029665
1987-03-20,35.500003,35.625038,35.000026,35.625038,2854000,4.925965
1987-03-19,35.500003,35.750033,34.875035,35.000026,1829600,4.839543
1987-03-18,34.500014,35.750033,34.500014,35.375008,4322800,4.891393
1987-03-17,31.375007,35.000026,31.375007,34.625005,4448800,4.787688
1987-03-16,31.875022,31.875022,31.125019,31.625036,1114000,4.372875
1987-03-13,32.500032,32.500032,31.875022,31.875022,1040800,4.407441
1987-03-12,32.12501,32.374996,31.625036,32.250003,1198000,4.459291
1987-03-11,32.250003,32.625027,31.875022,31.875022,1049600,4.407441
1987-03-10,32.500032,32.75002,32.12501,32.500032,711600,4.493863
1987-03-09,32.875013,33.000006,32.000017,32.12501,546800,4.442007
1987-03-06,32.12501,33.124999,32.12501,33.124999,1491600,4.580278
1987-03-05,32.500032,32.625027,32.000017,32.250003,3008000,4.459291
1987-03-04,30.875033,31.000026,30.375016,31.000026,2130400,4.286453
1987-03-03,29.999995,30.749998,29.875002,30.500009,2154000,4.217314
1987-03-02,29.750007,30.250023,29.625013,29.750007,3870800,4.11361
1987-02-27,30.500009,30.749998,30.12503,30.375016,1793200,4.165465
1987-02-26,29.999995,30.500009,29.625013,30.500009,1307600,4.182606
1987-02-25,30.500009,30.749998,29.999995,30.500009,1226800,4.182606
1987-02-24,31.375007,31.375007,30.250023,30.500009,2206800,4.182606
1987-02-23,31.375007,31.50,30.749998,31.125019,1652400,4.268316
1987-02-20,31.50,31.750029,31.250014,31.625036,1069600,4.336886
1987-02-19,32.250003,32.500032,31.250014,31.750029,1722800,4.354026
1987-02-18,32.000017,33.000006,32.000017,32.625027,2323200,4.474019
1987-02-17,31.50,31.875022,31.250014,31.625036,2058000,4.336886
1987-02-13,31.000026,31.50,30.12503,31.375007,2003200,4.302598
1987-02-12,31.625036,31.625036,30.749998,31.000026,2010400,4.251175
1987-02-11,32.000017,32.000017,31.000026,31.625036,2278000,4.336886
1987-02-10,32.500032,32.75002,31.375007,31.875022,1650800,4.371167
1987-02-09,33.250034,33.37503,32.625027,32.75002,1563600,4.49116
1987-02-06,34.000037,34.000037,33.250034,33.500023,2484400,4.594011
1987-02-05,34.250023,34.75,33.124999,33.875002,4132000,4.645434
1987-02-04,31.625036,34.250023,31.625036,33.625016,4826800,4.611152
1987-02-03,31.750029,31.750029,31.125019,31.625036,1085600,4.336886
1987-02-02,30.749998,31.875022,30.500009,31.625036,2191600,4.336886
1987-01-30,29.999995,30.875033,29.875002,30.875033,2062000,4.234034
1987-01-29,29.999995,30.12503,29.750007,29.999995,1702800,4.114036
1987-01-28,29.875002,29.999995,29.375027,29.875002,2176800,4.096895
1987-01-27,29.875002,30.250023,29.50002,29.50002,1639600,4.045473
1987-01-26,29.875002,30.250023,29.375027,29.750007,1560000,4.079754
1987-01-23,29.750007,31.000026,29.750007,29.875002,3451200,4.096895
1987-01-22,29.50002,29.999995,29.124997,29.999995,1132800,4.114036
1987-01-21,29.750007,29.875002,29.000004,29.625013,1602800,4.062613
1987-01-20,29.750007,29.875002,29.375027,29.750007,2978000,4.079754
1987-01-19,29.124997,29.50002,28.500031,29.50002,2205600,4.045473
1987-01-16,29.375027,29.750007,28.625024,29.124997,3019600,3.994044
1987-01-15,29.750007,29.750007,28.625024,28.875011,3180400,3.959762
1987-01-14,29.750007,30.12503,29.250034,29.875002,4070400,4.096895
1987-01-13,29.999995,30.250023,29.50002,29.750007,7386800,4.079754
1987-01-12,27.750026,30.749998,27.625033,30.625004,7009200,4.199747
1987-01-09,27.250012,28.500031,26.87503,28.000015,3348400,3.83977
1987-01-08,25.999992,27.250012,25.874999,27.000024,2524000,3.702637
1987-01-07,26.125028,26.250021,25.874999,25.999992,1182800,3.565498
1987-01-06,25.750006,26.250021,25.625011,26.250021,1556000,3.599785
1987-01-05,25.124996,25.874999,25.124996,25.750006,1566800,3.531216
1987-01-02,24.500029,25.124996,24.500029,25.000001,1190000,3.428364
1986-12-31,24.750015,24.875008,24.374994,24.374994,794800,3.342654
1986-12-30,25.000001,25.250032,24.625022,24.625022,860000,3.376942
1986-12-29,25.250032,25.500018,24.875008,25.000001,670800,3.428364
1986-12-26,25.500018,25.625011,25.375025,25.500018,600000,3.496934
1986-12-24,25.375025,25.625011,25.375025,25.375025,590400,3.479793
1986-12-23,25.375025,25.625011,25.250032,25.500018,1299200,3.496934
1986-12-22,25.000001,25.625011,25.000001,25.375025,1550800,3.479793
1986-12-19,25.000001,25.874999,24.750015,25.874999,1989200,3.548357
1986-12-18,25.000001,25.000001,24.625022,24.750015,560000,3.394083
1986-12-17,25.124996,25.250032,25.000001,25.000001,741200,3.428364
1986-12-16,25.375025,25.375025,25.000001,25.250032,1253600,3.462652
1986-12-15,24.625022,25.375025,24.374994,25.375025,2071200,3.479793
1986-12-12,24.000012,25.000001,24.000012,24.750015,1380000,3.394083
1986-12-11,24.500029,24.750015,23.625031,24.125005,1028800,3.308372
1986-12-10,24.125005,24.625022,24.125005,24.625022,773200,3.376942
1986-12-09,25.000001,25.124996,24.000012,24.249999,2135200,3.325513
1986-12-08,25.000001,25.375025,24.750015,25.000001,1043200,3.428364
1986-12-05,25.124996,25.625011,25.000001,25.000001,1803200,3.428364
1986-12-04,24.625022,25.375025,24.500029,25.124996,1953600,3.445506
1986-12-03,25.000001,25.000001,24.374994,24.875008,1425600,3.411223
1986-12-02,24.750015,25.124996,24.625022,24.750015,1094000,3.394083
1986-12-01,24.750015,24.750015,24.125005,24.500029,1184400,3.359801
1986-11-28,24.750015,24.875008,24.750015,24.875008,438000,3.411223
1986-11-26,24.249999,25.000001,24.125005,24.750015,1261200,3.394083
1986-11-25,24.374994,24.625022,24.125005,24.500029,1049200,3.359801
1986-11-24,24.875008,25.000001,24.500029,24.875008,806800,3.411223
1986-11-21,24.750015,25.250032,24.500029,25.000001,2604400,3.394083
1986-11-20,24.125005,24.750015,24.125005,24.625022,868400,3.343174
1986-11-19,23.875019,24.374994,23.499996,24.249999,1541200,3.29226
1986-11-18,24.750015,24.875008,23.875019,24.125005,2471600,3.27529
1986-11-17,24.875008,25.874999,24.875008,25.000001,3078800,3.394083
1986-11-14,24.125005,25.375025,24.125005,25.375025,2458400,3.444997
1986-11-13,24.374994,24.500029,24.125005,24.125005,3598400,3.27529
1986-11-12,23.499996,24.374994,23.499996,24.249999,3050400,3.29226
1986-11-11,23.125016,23.499996,23.000023,23.499996,1744400,3.190437
1986-11-10,22.749993,23.125016,22.500007,23.125016,2386000,3.139528
1986-11-07,22.500007,22.749993,22.125025,22.749993,1001600,3.088614
1986-11-06,22.500007,22.875028,22.250018,22.375013,1934000,3.037706
1986-11-05,21.874997,22.500007,21.874997,22.500007,2292000,3.054675
1986-11-04,21.500016,21.99999,21.375022,21.874997,1753600,2.969822
1986-11-03,21.99999,22.125025,21.625011,21.874997,719600,2.969822
1986-10-31,21.99999,21.99999,21.750004,21.99999,1135200,2.986791
1986-10-30,21.625011,21.874997,21.250029,21.750004,1986400,2.952852
1986-10-29,20.875006,21.375022,20.750013,21.250029,686800,2.884974
1986-10-28,21.124994,21.250029,20.750013,20.750013,681600,2.81709
1986-10-27,21.375022,21.500016,20.62502,21.250029,857600,2.884974
1986-10-24,21.99999,22.125025,21.250029,21.500016,1562400,2.918913
1986-10-23,21.500016,22.250018,21.375022,21.99999,1912000,2.986791
1986-10-22,21.500016,21.625011,21.375022,21.625011,1101200,2.935883
1986-10-21,21.500016,21.874997,21.500016,21.625011,680400,2.935883
1986-10-20,21.874997,21.874997,21.250029,21.500016,1396800,2.918913
1986-10-17,21.874997,21.874997,21.500016,21.625011,395600,2.935883
1986-10-16,21.99999,22.125025,21.750004,21.99999,478400,2.986791
1986-10-15,21.625011,22.250018,21.500016,22.125025,3026000,3.003766
1986-10-14,22.250018,22.250018,21.375022,21.874997,635200,2.969822
1986-10-13,22.125025,22.250018,21.99999,22.125025,329200,3.003766
1986-10-10,22.250018,22.375013,21.99999,22.250018,1436400,3.020736
1986-10-09,22.375013,22.625,21.99999,22.250018,1482800,3.020736
1986-10-08,21.874997,22.875028,21.750004,22.500007,1943200,3.054675
1986-10-07,21.874997,21.874997,21.625011,21.750004,1903600,2.952852
1986-10-06,21.874997,22.125025,21.750004,21.750004,302400,2.952852
1986-10-03,22.250018,22.250018,21.750004,21.874997,894400,2.969822
1986-10-02,21.750004,22.250018,21.500016,21.99999,1185200,2.986791
1986-10-01,22.125025,22.125025,21.625011,21.750004,776000,2.952852
1986-09-30,21.750004,22.125025,21.625011,21.750004,1001200,2.952852
1986-09-29,21.874997,22.125025,21.625011,21.750004,1321600,2.952852
1986-09-26,21.375022,22.125025,21.375022,21.874997,855200,2.969822
1986-09-25,21.99999,22.125025,21.375022,21.375022,729200,2.901943
1986-09-24,22.250018,22.375013,21.99999,21.99999,796000,2.986791
1986-09-23,21.99999,22.125025,21.750004,22.125025,1550000,3.003766
1986-09-22,21.625011,21.874997,21.375022,21.874997,1217600,2.969822
1986-09-19,21.500016,21.874997,20.62502,21.625011,1120400,2.935883
1986-09-18,20.249998,21.874997,20.249998,21.874997,1942400,2.969822
1986-09-17,20.875006,20.875006,20.249998,20.249998,1357600,2.749206
1986-09-16,20.62502,20.750013,20.249998,20.62502,976000,2.800121
1986-09-15,21.500016,21.500016,20.374991,20.750013,1418800,2.81709
1986-09-12,21.750004,21.750004,20.249998,20.374991,1707600,2.766176
1986-09-11,22.749993,22.749993,21.250029,21.750004,1019600,2.952852
1986-09-10,22.250018,22.875028,22.125025,22.875028,817200,3.105589
1986-09-09,22.500007,22.749993,21.874997,22.500007,1670000,3.054675
1986-09-08,23.000023,23.000023,22.500007,22.749993,2279600,3.088614
1986-09-05,23.499996,23.625031,23.125016,23.499996,4742800,3.190437
1986-09-04,20.875006,22.375013,20.875006,22.375013,1434400,3.037706
1986-09-03,20.500026,20.875006,20.249998,20.875006,1538000,2.83406
1986-09-02,21.625011,22.125025,20.750013,20.750013,1066800,2.81709
1986-08-29,21.874997,21.99999,21.625011,21.750004,690800,2.952852
1986-08-28,22.125025,22.125025,21.500016,21.750004,626800,2.952852
1986-08-27,21.874997,22.375013,21.750004,22.125025,1933600,3.003766
1986-08-26,22.250018,22.250018,21.375022,22.250018,2640400,3.020736
1986-08-25,21.375022,21.874997,21.000001,21.625011,2342800,2.901944
1986-08-22,20.125003,21.250029,20.125003,21.000001,600800,2.818071
1986-08-21,20.500026,20.62502,20.125003,20.125003,775200,2.700652
1986-08-20,19.62503,20.62502,19.62503,20.500026,1164400,2.750978
1986-08-19,20.249998,20.374991,19.750024,19.875017,1016000,2.667105
1986-08-18,20.249998,20.374991,20.00001,20.374991,1308800,2.734199
1986-08-15,19.499993,20.500026,19.250007,20.374991,1797600,2.734199
1986-08-14,19.000021,19.875017,18.875026,19.62503,2662000,2.633559
1986-08-13,18.74999,19.250007,18.500004,19.125014,1781200,2.566459
1986-08-12,18.500004,18.875026,18.500004,18.74999,1455200,2.516134
1986-08-11,18.624997,18.74999,18.500004,18.500004,1169200,2.482587
1986-08-08,18.74999,18.875026,18.375011,18.500004,1184000,2.482587
1986-08-07,18.875026,19.000021,18.74999,18.74999,1347600,2.516134
1986-08-06,18.875026,19.000021,18.74999,18.74999,1492000,2.516134
1986-08-05,19.499993,19.499993,18.74999,18.875026,3783600,2.532913
1986-08-04,17.500013,18.500004,17.37502,18.375011,1418800,2.465814
1986-08-01,18.00003,18.00003,17.625008,17.874995,1161600,2.398715
1986-07-31,18.00003,18.00003,17.625008,18.00003,1504000,2.415493
1986-07-30,17.874995,18.250018,17.625008,18.250018,1334800,2.44904
1986-07-29,17.625008,18.125023,17.500013,17.874995,975200,2.398715
1986-07-28,18.375011,18.375011,17.625008,17.750001,1222400,2.381941
1986-07-25,17.874995,18.500004,17.750001,18.500004,3120400,2.482587
1986-07-24,17.874995,18.00003,17.37502,17.874995,1987200,2.398715
1986-07-23,18.74999,18.875026,17.874995,17.874995,1824400,2.398715
1986-07-22,18.74999,18.875026,18.375011,18.875026,916000,2.532913
1986-07-21,19.875017,19.875017,18.375011,18.74999,4142400,2.516134
1986-07-18,19.875017,19.875017,19.375,19.875017,1290800,2.667105
1986-07-17,20.125003,20.249998,19.875017,20.00001,1257200,2.683879
1986-07-16,19.875017,20.249998,19.875017,20.125003,812000,2.700652
1986-07-15,20.125003,20.500026,19.499993,20.00001,1794800,2.683879
1986-07-14,20.500026,20.875006,20.374991,20.750013,880000,2.784524
1986-07-11,21.000001,21.000001,20.500026,20.500026,642800,2.750978
1986-07-10,21.375022,21.500016,20.875006,21.000001,776400,2.818071
1986-07-09,21.625011,21.750004,21.250029,21.375022,581200,2.868397
1986-07-08,21.124994,21.750004,21.000001,21.750004,474800,2.918717
1986-07-07,21.500016,21.625011,21.124994,21.124994,651200,2.834845
1986-07-03,22.125025,22.125025,21.750004,21.750004,338800,2.918717
1986-07-02,22.125025,22.375013,21.99999,22.125025,486400,2.969043
1986-07-01,22.250018,22.375013,22.125025,22.125025,918800,2.969043
1986-06-30,21.99999,22.375013,21.99999,22.250018,855600,2.985816
1986-06-27,22.125025,22.625,22.125025,22.125025,605200,2.969043
1986-06-26,22.250018,22.500007,22.125025,22.500007,922800,3.019363
1986-06-25,22.250018,22.500007,22.125025,22.250018,645200,2.985816
1986-06-24,21.99999,22.375013,21.874997,22.250018,1255200,2.985816
1986-06-23,21.99999,22.250018,21.750004,21.99999,2192400,2.952264
1986-06-20,22.375013,22.375013,21.750004,22.125025,1300000,2.969043
1986-06-19,22.125025,22.375013,21.99999,22.250018,709200,2.985816
1986-06-18,22.250018,22.250018,21.874997,22.250018,432400,2.985816
1986-06-17,22.250018,22.375013,21.99999,22.125025,1145600,2.969043
1986-06-16,22.375013,22.500007,22.125025,22.125025,1398800,2.969043
1986-06-13,21.500016,22.375013,21.500016,22.375013,1108800,3.002589
1986-06-12,21.625011,21.874997,21.500016,21.500016,959600,2.88517
1986-06-11,21.625011,21.874997,21.375022,21.625011,572800,2.901944
1986-06-10,21.375022,21.625011,21.250029,21.625011,1581600,2.901944
1986-06-09,21.750004,21.750004,21.375022,21.375022,1696000,2.868397
1986-06-06,21.99999,21.99999,21.625011,21.874997,573600,2.93549
1986-06-05,21.750004,21.99999,21.625011,21.874997,998800,2.93549
1986-06-04,21.99999,21.99999,21.625011,21.750004,1024000,2.918717
1986-06-03,21.250029,21.99999,21.250029,21.874997,1555600,2.93549
1986-06-02,21.375022,21.750004,21.250029,21.375022,2574800,2.868397
1986-05-30,21.625011,21.874997,20.875006,21.250029,5708000,2.851623
1986-05-29,21.625011,21.99999,21.500016,21.874997,797600,2.93549
1986-05-28,21.99999,22.125025,21.750004,21.874997,1395200,2.93549
1986-05-27,21.750004,22.250018,21.625011,21.750004,2044400,2.918717
1986-05-23,21.500016,21.99999,21.375022,21.750004,2041200,2.88517
1986-05-22,20.500026,21.500016,20.125003,21.250029,1677200,2.818848
1986-05-21,20.62502,21.124994,20.500026,20.500026,2098000,2.719359
1986-05-20,20.00001,20.750013,20.00001,20.500026,2326400,2.719359
1986-05-19,20.125003,20.374991,20.00001,20.249998,1118400,2.686192
1986-05-16,19.875017,20.125003,19.875017,20.00001,1723600,2.653031
1986-05-15,19.875017,20.249998,19.750024,20.00001,4239200,2.653031
1986-05-14,20.500026,20.500026,19.499993,19.750024,2480400,2.61987
1986-05-13,20.875006,20.875006,20.249998,20.500026,2448000,2.719359
1986-05-12,20.750013,21.250029,20.500026,20.750013,2158000,2.75252
1986-05-09,20.62502,20.750013,20.374991,20.62502,1759200,2.735939
1986-05-08,20.62502,21.250029,20.374991,20.750013,6169600,2.75252
1986-05-07,20.875006,21.124994,20.249998,20.500026,4532800,2.719359
1986-05-06,21.625011,21.625011,20.62502,20.62502,1843200,2.735939
1986-05-05,21.99999,22.250018,21.874997,21.874997,731600,2.901751
1986-05-02,21.874997,22.125025,21.250029,21.874997,1127600,2.901751
1986-05-01,21.99999,22.375013,21.124994,21.99999,1282800,2.918331
1986-04-30,22.375013,22.625,21.874997,21.99999,1606800,2.918331
1986-04-29,22.749993,22.875028,22.250018,22.375013,1780000,2.968079
1986-04-28,23.499996,23.499996,22.625,22.875028,1412000,3.034406
1986-04-25,23.625031,23.875019,23.125016,23.250009,1651600,3.084148
1986-04-24,22.749993,23.750026,22.625,23.250009,2363200,3.084148
1986-04-23,22.625,22.749993,22.250018,22.749993,808800,3.01782
1986-04-22,22.749993,23.125016,22.250018,22.500007,1178000,2.984659
1986-04-21,22.749993,22.749993,22.375013,22.749993,1443600,3.01782
1986-04-18,22.250018,22.375013,21.750004,21.99999,1306400,2.918331
1986-04-17,22.749993,22.749993,22.250018,22.375013,1296000,2.968079
1986-04-16,22.749993,22.875028,22.625,22.749993,683600,3.01782
1986-04-15,22.749993,23.000023,22.625,22.749993,719200,3.01782
1986-04-14,22.875028,23.000023,22.625,22.875028,654400,3.034406
1986-04-11,23.000023,23.000023,22.625,22.875028,639200,3.034406
1986-04-10,22.500007,23.000023,22.500007,23.000023,904800,3.050987
1986-04-09,22.375013,22.625,22.250018,22.375013,806800,2.968079
1986-04-08,22.749993,22.749993,22.125025,22.250018,1150000,2.951498
1986-04-07,23.000023,23.125016,22.125025,22.625,1732400,3.00124
1986-04-04,22.500007,22.875028,22.250018,22.500007,2632000,2.984659
1986-04-03,22.749993,23.000023,22.500007,22.500007,1484400,2.984659
1986-04-02,22.375013,23.000023,22.375013,22.875028,1697200,3.034406
1986-04-01,22.625,22.625,21.750004,22.500007,1902800,2.984659
1986-03-31,22.749993,23.375003,22.250018,22.625,1257600,3.00124
1986-03-27,23.250009,23.375003,22.749993,23.000023,1466800,3.050987
1986-03-26,23.125016,23.375003,22.875028,23.250009,850000,3.084148
1986-03-25,23.250009,23.375003,22.749993,23.000023,2396800,3.050987
1986-03-24,23.000023,23.375003,23.000023,23.125016,716800,3.067568
1986-03-21,24.374994,24.500029,23.125016,23.499996,1785200,3.117309
1986-03-20,24.249999,24.249999,23.625031,24.000012,1996800,3.183637
1986-03-19,24.000012,24.374994,23.625031,24.374994,1484000,3.233379
1986-03-18,23.875019,24.125005,23.625031,24.000012,1748800,3.183637
1986-03-17,23.375003,24.125005,23.250009,23.875019,1414400,3.167057
1986-03-14,23.125016,23.375003,22.875028,23.125016,1547200,3.067568
1986-03-13,23.250009,23.375003,22.875028,23.125016,3071200,3.067568
1986-03-12,23.499996,23.750026,23.125016,23.250009,1809600,3.084148
1986-03-11,22.500007,23.750026,22.375013,23.499996,3784800,3.117309
1986-03-10,22.500007,22.749993,22.375013,22.500007,1340400,2.984659
1986-03-07,22.875028,23.000023,22.250018,22.375013,978400,2.968079
1986-03-06,23.250009,23.250009,22.625,22.875028,1367200,3.034406
1986-03-05,22.375013,23.375003,22.125025,23.250009,969600,3.084148
1986-03-04,22.375013,22.625,21.99999,22.125025,1139200,2.934917
1986-03-03,23.000023,23.000023,22.250018,22.500007,1114000,2.984659
1986-02-28,23.125016,23.625031,22.625,22.749993,836000,3.01782
1986-02-27,23.875019,24.000012,23.000023,23.125016,1395600,3.067568
1986-02-26,23.499996,23.625031,23.250009,23.625031,1015200,3.133895
1986-02-25,23.625031,24.000012,23.499996,23.625031,1236400,3.133895
1986-02-24,23.499996,23.875019,23.250009,23.499996,1177600,3.057618
1986-02-21,23.000023,23.625031,22.875028,23.499996,1545200,3.057618
1986-02-20,22.375013,23.000023,21.874997,23.000023,4470000,2.992566
1986-02-19,22.749993,22.749993,22.250018,22.375013,2432400,2.911245
1986-02-18,22.500007,22.875028,22.125025,22.875028,1908800,2.976303
1986-02-14,22.125025,22.875028,21.124994,22.500007,2960000,2.927508
1986-02-13,23.125016,23.125016,21.99999,22.250018,7273600,2.894982
1986-02-12,24.000012,24.125005,22.749993,23.499996,2070800,3.057618
1986-02-11,24.750015,24.750015,24.125005,24.249999,1679600,3.155202
1986-02-10,24.374994,24.750015,24.249999,24.750015,777200,3.22026
1986-02-07,23.375003,24.374994,23.375003,24.125005,1439600,3.138939
1986-02-06,23.625031,23.750026,23.250009,23.499996,3028800,3.057618
1986-02-05,23.625031,23.750026,23.250009,23.499996,2412800,3.057618
1986-02-04,24.000012,24.249999,23.750026,23.875019,2220400,3.106413
1986-02-03,24.750015,24.750015,23.875019,24.500029,1773600,3.187734
1986-01-31,24.249999,24.750015,24.125005,24.374994,2604000,3.171465
1986-01-30,23.750026,24.500029,23.499996,24.249999,1768800,3.155202
1986-01-29,24.374994,24.500029,23.750026,24.000012,3582800,3.122676
1986-01-28,24.374994,24.500029,24.125005,24.249999,1050400,3.155202
1986-01-27,25.124996,25.250032,24.374994,24.625022,1260400,3.203997
1986-01-24,25.375025,25.500018,24.875008,25.124996,1294400,3.269049
1986-01-23,25.375025,25.625011,25.250032,25.500018,737600,3.317844
1986-01-22,25.500018,25.750006,25.250032,25.375025,4280800,3.301581
1986-01-21,26.375014,26.625002,26.125028,26.250021,3225600,3.415428
1986-01-20,26.625002,26.87503,26.375014,26.625002,596000,3.464217
1986-01-17,26.625002,26.625002,26.125028,26.500009,758000,3.447954
1986-01-16,27.625033,27.625033,26.87503,26.87503,985200,3.496749
1986-01-15,27.250012,27.499998,27.250012,27.375005,913200,3.561801
1986-01-14,27.625033,27.625033,27.000024,27.000024,2530400,3.513012
1986-01-13,27.000024,27.625033,27.000024,27.625033,1270000,3.594333
1986-01-10,27.125019,27.499998,27.000024,27.000024,1172000,3.513012
1986-01-09,27.000024,27.375005,26.749995,27.125019,1951600,3.529275
1986-01-08,28.000015,28.000015,26.250021,26.625002,1359600,3.464217
1986-01-07,27.750026,28.000015,27.625033,28.000015,1173200,3.643122
1986-01-06,27.499998,27.750026,27.125019,27.625033,677600,3.594333
1986-01-03,27.375005,27.625033,27.125019,27.499998,595200,3.578064
1986-01-02,27.375005,28.000015,27.125019,27.499998,2105200,3.578064
1985-12-31,27.250012,27.499998,26.749995,27.499998,1124400,3.578064
1985-12-30,27.000024,27.375005,26.625002,27.125019,615600,3.529275
1985-12-27,27.125019,27.375005,26.87503,27.250012,1026000,3.545538
1985-12-26,27.125019,27.499998,26.500009,27.000024,2673600,3.513012
1985-12-24,26.87503,27.125019,26.87503,27.125019,574800,3.529275
1985-12-23,26.625002,26.87503,26.625002,26.87503,815600,3.496749
1985-12-20,26.250021,27.125019,25.999992,27.125019,1917600,3.529275
1985-12-19,25.500018,25.874999,25.500018,25.750006,1091200,3.35037
1985-12-18,25.375025,25.750006,25.124996,25.500018,901200,3.317844
1985-12-17,25.625011,25.874999,25.000001,25.250032,1846400,3.285318
1985-12-16,25.500018,25.999992,25.375025,25.625011,1708800,3.334107
1985-12-13,25.375025,25.999992,25.250032,25.999992,1937600,3.382896
1985-12-12,25.500018,26.500009,25.250032,25.375025,1863200,3.301581
1985-12-11,25.375025,25.500018,25.000001,25.375025,1445600,3.301581
1985-12-10,25.375025,25.625011,24.875008,25.000001,2958000,3.252786
1985-12-09,26.375014,26.500009,25.375025,25.375025,1396800,3.301581
1985-12-06,27.000024,27.250012,26.500009,26.625002,1117600,3.464217
1985-12-05,27.375005,27.625033,26.87503,27.250012,1714000,3.545538
1985-12-04,26.500009,27.375005,26.375014,27.250012,1121600,3.545538
1985-12-03,26.749995,27.875022,26.500009,26.500009,892000,3.447954
1985-12-02,26.87503,26.87503,26.250021,26.625002,924800,3.464217
1985-11-29,28.125008,28.250001,26.500009,26.625002,1975600,3.464217
1985-11-27,27.250012,28.250001,27.250012,28.250001,1628400,3.675648
1985-11-26,27.875022,28.000015,27.125019,27.375005,1340000,3.561801
1985-11-25,28.000015,28.125008,27.250012,28.000015,1865200,3.643122
1985-11-22,27.499998,28.000015,27.499998,27.750026,2388400,3.552048
1985-11-21,25.625011,26.375014,25.625011,26.375014,960000,3.376044
1985-11-20,25.625011,25.750006,25.250032,25.625011,1424000,3.280042
1985-11-19,25.874999,25.874999,25.375025,25.625011,1091200,3.280042
1985-11-18,25.625011,26.125028,25.625011,25.874999,975600,3.312041
1985-11-15,26.125028,26.125028,25.625011,25.625011,1514000,3.280042
1985-11-14,26.250021,26.375014,25.874999,26.125028,1729600,3.344045
1985-11-13,26.250021,26.625002,26.125028,26.500009,1014000,3.392043
1985-11-12,26.500009,26.625002,25.999992,26.250021,1465200,3.360044
1985-11-11,25.999992,26.500009,25.750006,26.500009,2310000,3.392043
1985-11-08,25.874999,25.999992,25.625011,25.750006,931600,3.296042
1985-11-07,25.750006,25.999992,25.625011,25.874999,1466000,3.312041
1985-11-06,26.375014,26.375014,25.750006,25.874999,1388800,3.312041
1985-11-05,25.375025,26.375014,25.250032,26.250021,1468400,3.360044
1985-11-04,25.000001,25.375025,24.875008,25.375025,957600,3.248044
1985-11-01,25.000001,25.250032,24.875008,25.124996,1640800,3.21604
1985-10-31,25.124996,25.124996,24.750015,24.875008,1247200,3.184041
1985-10-30,25.250032,25.250032,25.000001,25.000001,807600,3.20004
1985-10-29,25.000001,25.250032,24.875008,25.000001,1232400,3.20004
1985-10-28,24.875008,25.124996,24.625022,24.875008,1296400,3.184041
1985-10-25,25.375025,25.500018,24.750015,25.000001,976000,3.20004
1985-10-24,25.500018,25.625011,25.375025,25.375025,524000,3.248044
1985-10-23,25.375025,25.625011,25.250032,25.500018,1934000,3.264043
1985-10-22,25.250032,25.625011,25.124996,25.500018,674000,3.264043
1985-10-21,25.500018,25.500018,25.124996,25.250032,2121200,3.232044
1985-10-18,25.375025,25.500018,25.124996,25.500018,806800,3.264043
1985-10-17,25.375025,25.625011,25.250032,25.375025,966800,3.248044
1985-10-16,25.250032,25.750006,25.000001,25.750006,845600,3.296042
1985-10-15,25.124996,25.250032,25.000001,25.000001,1264800,3.20004
1985-10-14,25.250032,25.250032,25.000001,25.124996,478400,3.21604
1985-10-11,25.250032,25.375025,25.000001,25.250032,1175200,3.232044
1985-10-10,25.124996,25.250032,25.000001,25.124996,483600,3.21604
1985-10-09,25.124996,25.375025,25.000001,25.250032,1162400,3.232044
1985-10-08,25.000001,25.874999,24.875008,25.124996,548400,3.21604
1985-10-07,25.250032,25.250032,25.000001,25.250032,877200,3.232044
1985-10-04,25.625011,25.874999,25.250032,25.375025,822400,3.248044
1985-10-03,26.375014,26.500009,25.874999,26.125028,1378000,3.344045
1985-10-02,26.749995,27.375005,26.500009,26.625002,2015600,3.408043
1985-10-01,25.750006,26.87503,25.500018,26.749995,1091200,3.424042
1985-09-30,25.625011,25.750006,25.375025,25.500018,975600,3.264043
1985-09-26,24.750015,25.999992,24.500029,25.625011,1845600,3.280042
1985-09-25,25.750006,25.750006,24.500029,24.875008,2396800,3.184041
1985-09-24,25.874999,25.874999,24.500029,24.875008,1927600,3.184041
1985-09-23,26.125028,26.500009,25.874999,25.999992,933200,3.32804
1985-09-20,25.999992,26.250021,25.874999,25.874999,967200,3.312041
1985-09-19,25.999992,26.500009,25.874999,25.999992,1586800,3.32804
1985-09-18,25.999992,26.250021,25.874999,25.999992,2326400,3.32804
1985-09-17,26.749995,26.87503,25.625011,25.874999,2489600,3.312041
1985-09-16,26.749995,26.87503,26.500009,26.625002,1052400,3.408043
1985-09-13,27.375005,27.375005,26.87503,27.000024,1226000,3.456046
1985-09-12,27.875022,27.875022,27.250012,27.250012,1879600,3.488045
1985-09-11,28.374994,28.500031,28.000015,28.000015,1409200,3.584046
1985-09-10,28.125008,28.750017,28.125008,28.625024,1131600,3.664049
1985-09-09,28.000015,28.250001,28.000015,28.125008,392000,3.600046
1985-09-06,27.750026,28.000015,27.750026,28.000015,586800,3.584046
1985-09-05,27.875022,28.000015,27.750026,27.875022,1026800,3.568047
1985-09-04,28.625024,28.625024,27.750026,28.000015,472000,3.584046
1985-09-03,28.625024,28.875011,28.374994,28.374994,469600,3.632044
1985-08-30,29.000004,29.250034,28.750017,28.750017,389200,3.680048
1985-08-29,28.750017,29.124997,27.875022,29.000004,337200,3.712047
1985-08-28,29.124997,29.250034,28.625024,29.000004,494400,3.712047
1985-08-27,29.124997,29.250034,28.625024,29.124997,725200,3.728046
1985-08-26,29.50002,29.50002,28.875011,29.000004,2168800,3.654448
1985-08-23,28.750017,29.250034,28.750017,29.250034,996400,3.685955
1985-08-22,28.500031,29.250034,28.500031,28.875011,797200,3.638697
1985-08-21,28.374994,28.875011,28.250001,28.750017,762000,3.622945
1985-08-20,28.000015,28.875011,28.000015,28.500031,1542000,3.591443
1985-08-19,28.125008,28.250001,28.000015,28.000015,301200,3.528434
1985-08-16,28.125008,28.250001,28.000015,28.000015,852400,3.528434
1985-08-15,28.125008,28.500031,27.875022,28.125008,1324400,3.544185
1985-08-14,27.499998,28.125008,27.499998,27.875022,1090000,3.512682
1985-08-13,27.875022,28.125008,27.375005,27.499998,1464800,3.465424
1985-08-12,28.000015,28.125008,27.750026,28.125008,654000,3.544185
1985-08-09,28.250001,28.250001,27.875022,28.125008,524800,3.544185
1985-08-08,28.000015,28.250001,28.000015,28.000015,2471600,3.528434
1985-08-07,28.250001,28.625024,27.875022,28.000015,2711200,3.528434
1985-08-06,29.375027,29.375027,28.500031,28.500031,1127200,3.591443
1985-08-05,29.50002,29.50002,29.000004,29.250034,821200,3.685955
1985-08-02,29.50002,29.50002,29.250034,29.50002,703600,3.717457
1985-08-01,29.750007,30.500009,29.50002,29.50002,1827200,3.717457
1985-07-31,30.12503,30.375016,29.625013,29.875002,938800,3.764711
1985-07-30,29.750007,30.375016,29.750007,30.12503,432400,3.796218
1985-07-29,29.999995,30.12503,29.625013,29.999995,849600,3.780462
1985-07-26,29.750007,30.375016,29.750007,30.12503,2312800,3.796218
1985-07-25,29.000004,29.750007,28.625024,29.625013,1903600,3.733208
1985-07-24,28.125008,28.875011,28.000015,28.625024,1510800,3.607194
1985-07-23,28.125008,28.374994,28.000015,28.125008,1941200,3.544185
1985-07-22,28.250001,28.625024,28.000015,28.125008,1201600,3.544185
1985-07-19,28.500031,28.625024,28.125008,28.625024,1068400,3.607194
1985-07-18,27.875022,28.250001,27.875022,28.250001,1256800,3.559936
1985-07-17,28.374994,28.374994,27.875022,28.000015,912000,3.528434
1985-07-16,27.875022,28.125008,27.625033,28.125008,1740000,3.544185
1985-07-15,28.374994,28.374994,27.875022,27.875022,1504400,3.512682
1985-07-12,28.374994,28.374994,28.125008,28.250001,679200,3.559936
1985-07-11,29.124997,29.124997,28.000015,28.374994,3363600,3.575687
1985-07-10,29.375027,29.50002,29.000004,29.250034,1458000,3.685955
1985-07-09,29.375027,29.50002,29.000004,29.124997,1708800,3.670199
1985-07-08,29.750007,29.750007,29.250034,29.50002,910400,3.717457
1985-07-05,29.375027,29.875002,29.375027,29.750007,397200,3.748959
1985-07-03,29.375027,29.625013,29.250034,29.375027,904400,3.701706
1985-07-02,29.124997,29.375027,29.000004,29.250034,2330400,3.685955
1985-07-01,29.124997,29.250034,28.750017,29.250034,1978400,3.685955
1985-06-28,29.250034,29.50002,28.500031,29.250034,2183600,3.685955
1985-06-27,29.000004,29.124997,28.750017,28.875011,1521200,3.638697
1985-06-26,29.250034,29.375027,29.000004,29.250034,1055600,3.685955
1985-06-25,29.124997,29.50002,28.750017,29.250034,971600,3.685955
1985-06-24,28.750017,29.124997,28.500031,29.000004,1386000,3.654448
1985-06-21,28.250001,29.000004,28.250001,29.000004,1086800,3.654448
1985-06-20,28.500031,28.875011,28.250001,28.374994,951200,3.575687
1985-06-19,28.875011,29.000004,28.750017,28.875011,508800,3.638697
1985-06-18,29.375027,29.50002,28.500031,29.000004,2695600,3.654448
1985-06-17,29.625013,29.750007,29.50002,29.625013,866800,3.733208
1985-06-14,29.999995,30.250023,29.750007,29.875002,995200,3.764711
1985-06-13,30.250023,30.749998,29.999995,29.999995,1856800,3.780462
1985-06-12,30.375016,30.500009,29.875002,30.12503,1789200,3.796218
1985-06-11,31.000026,31.000026,30.500009,30.749998,684000,3.874974
1985-06-10,30.749998,30.875033,30.500009,30.875033,827600,3.89073
1985-06-07,31.125019,31.250014,30.749998,31.000026,507600,3.906481
1985-06-06,31.000026,31.375007,30.500009,31.250014,5918000,3.937984
1985-06-05,31.250014,31.375007,31.125019,31.125019,1649600,3.922232
1985-06-04,31.125019,31.375007,31.000026,31.250014,1877600,3.937984
1985-06-03,31.625036,31.625036,31.000026,31.250014,1266400,3.937984
1985-05-31,31.250014,31.875022,31.250014,31.625036,4364800,3.985242
1985-05-30,30.749998,31.750029,30.625004,31.250014,4763600,3.937984
1985-05-29,30.500009,30.749998,29.875002,30.12503,988000,3.796218
1985-05-28,30.625004,30.875033,30.500009,30.625004,475600,3.859223
1985-05-24,30.625004,30.875033,30.500009,30.875033,2291200,3.834025
1985-05-23,30.749998,30.875033,30.625004,30.749998,874400,3.818498
1985-05-22,30.500009,30.749998,30.250023,30.625004,1140000,3.802977
1985-05-21,30.500009,30.749998,29.999995,30.625004,1274800,3.802977
1985-05-20,30.625004,30.875033,30.375016,30.500009,734800,3.787455
1985-05-17,30.500009,30.749998,30.500009,30.500009,472400,3.787455
1985-05-16,30.749998,30.749998,30.500009,30.749998,496400,3.818498
1985-05-15,30.375016,30.875033,30.250023,30.500009,1292800,3.787455
1985-05-14,30.875033,31.000026,30.500009,30.625004,857200,3.802977
1985-05-13,30.875033,30.875033,30.500009,30.749998,506400,3.818498
1985-05-10,30.375016,31.125019,30.375016,30.875033,1048000,3.834025
1985-05-09,29.999995,30.375016,29.999995,30.375016,546400,3.771934
1985-05-08,29.750007,30.250023,29.750007,30.12503,892000,3.740891
1985-05-07,29.875002,30.250023,29.875002,29.875002,1529600,3.709843
1985-05-06,30.500009,30.625004,29.999995,29.999995,1432800,3.725364
1985-05-03,30.875033,31.125019,30.749998,30.749998,1250000,3.818498
1985-05-02,30.749998,31.000026,30.625004,30.875033,699200,3.834025
1985-05-01,31.375007,31.50,30.500009,30.500009,571200,3.787455
1985-04-30,32.12501,32.250003,31.125019,31.50,1849600,3.911633
1985-04-29,31.125019,33.875002,31.125019,32.000017,963600,3.973724
1985-04-26,31.50,31.625036,31.125019,31.250014,512400,3.88059
1985-04-25,31.625036,31.750029,31.375007,31.625036,772800,3.92716
1985-04-24,31.750029,32.000017,31.50,31.750029,1408000,3.942681
1985-04-23,31.50,31.875022,31.125019,31.750029,1158000,3.942681
1985-04-22,30.625004,31.875022,30.625004,31.750029,1554000,3.942681
1985-04-19,30.12503,30.749998,30.12503,30.500009,939600,3.787455
1985-04-18,30.250023,30.375016,29.875002,30.250023,1772400,3.756412
1985-04-17,30.375016,30.625004,30.12503,30.375016,834400,3.771934
1985-04-16,30.12503,30.749998,30.12503,30.375016,1220000,3.771934
1985-04-15,30.375016,30.625004,30.250023,30.375016,554800,3.771934
1985-04-12,30.375016,30.375016,30.12503,30.375016,384800,3.771934
1985-04-11,30.875033,30.875033,29.999995,30.12503,814000,3.740891
1985-04-10,29.999995,30.625004,29.999995,30.625004,1100000,3.802977
1985-04-09,29.999995,30.12503,29.875002,29.999995,670800,3.725364
1985-04-08,30.375016,30.625004,30.12503,30.250023,928000,3.756412
1985-04-04,30.12503,30.625004,30.12503,30.375016,590400,3.771934
1985-04-03,30.250023,30.375016,29.750007,30.250023,642000,3.756412
1985-04-02,31.250014,31.250014,30.250023,30.250023,704400,3.756412
1985-04-01,30.749998,31.000026,30.625004,31.000026,701200,3.849547
1985-03-29,30.250023,30.625004,30.250023,30.625004,312400,3.802977
1985-03-28,30.749998,31.000026,30.250023,30.250023,715600,3.756412
1985-03-27,30.875033,31.000026,30.625004,30.875033,542800,3.834025
1985-03-26,29.875002,31.000026,29.875002,30.749998,716400,3.818498
1985-03-25,29.750007,30.375016,29.750007,30.12503,952800,3.740891
1985-03-22,30.12503,30.12503,29.625013,29.875002,664800,3.709843
1985-03-21,30.375016,30.375016,29.999995,30.12503,1031200,3.740891
1985-03-20,30.875033,30.875033,30.500009,30.625004,742000,3.802977
1985-03-19,30.375016,30.875033,30.250023,30.875033,1602400,3.834025
1985-03-18,30.500009,30.875033,30.12503,30.500009,994400,3.787455
1985-03-15,30.500009,30.749998,30.250023,30.500009,1049200,3.787455
1985-03-14,29.999995,30.625004,29.999995,30.375016,681600,3.771934
1985-03-13,31.000026,31.250014,29.999995,30.375016,712000,3.771934
1985-03-12,31.250014,31.375007,30.749998,31.125019,810000,3.865068
1985-03-11,30.875033,31.375007,30.500009,31.125019,866000,3.865068
1985-03-08,30.875033,31.50,30.375016,31.125019,1462000,3.865068
1985-03-07,31.375007,31.50,30.749998,30.749998,2308400,3.818498
1985-03-06,31.50,31.750029,30.500009,31.375007,2354000,3.896111
1985-03-05,31.375007,31.625036,31.375007,31.375007,1865200,3.896111
1985-03-04,32.000017,33.500023,31.250014,31.50,1846000,3.911633
1985-03-01,31.625036,32.250003,31.625036,31.875022,2010800,3.958203
1985-02-28,30.500009,31.750029,30.500009,31.750029,1776400,3.942681
1985-02-27,31.250014,31.375007,30.625004,30.749998,1184800,3.818498
1985-02-26,29.50002,30.625004,29.50002,30.250023,986000,3.756412
1985-02-25,29.50002,29.999995,29.375027,29.999995,3329200,3.669486
1985-02-22,30.500009,30.749998,29.50002,29.625013,2367200,3.623619
1985-02-21,29.999995,31.375007,29.999995,30.500009,3157600,3.730646
1985-02-20,30.375016,30.625004,29.375027,29.875002,1520400,3.654197
1985-02-19,30.500009,31.000026,30.250023,30.375016,866000,3.715357
1985-02-15,31.375007,31.750029,30.500009,30.500009,721600,3.730646
1985-02-14,31.750029,32.250003,31.375007,31.375007,830400,3.837672
1985-02-13,31.375007,32.250003,31.375007,32.000017,1703200,3.914121
1985-02-12,31.250014,31.625036,31.000026,31.125019,1335600,3.807094
1985-02-11,31.250014,31.875022,31.250014,31.750029,667200,3.883543
1985-02-08,31.625036,31.875022,31.50,31.50,1309200,3.852961
1985-02-07,31.625036,32.12501,31.625036,31.875022,1984400,3.898832
1985-02-06,30.749998,34.75,30.625004,31.750029,1717600,3.883543
1985-02-05,31.250014,31.375007,30.875033,31.000026,1678800,3.791806
1985-02-04,30.500009,31.125019,30.375016,31.000026,1636400,3.791806
1985-02-01,30.749998,31.125019,30.625004,30.749998,1664000,3.761223
1985-01-31,30.375016,31.250014,30.250023,31.000026,3377200,3.791806
1985-01-30,29.375027,30.375016,28.750017,30.250023,4448800,3.700068
1985-01-29,28.125008,28.750017,27.875022,28.750017,1926800,3.516593
1985-01-28,28.250001,28.750017,27.875022,28.250001,1721600,3.455433
1985-01-25,28.250001,28.625024,28.250001,28.374994,843600,3.470722
1985-01-24,28.625024,28.750017,28.250001,28.250001,1083600,3.455433
1985-01-23,28.500031,28.875011,28.125008,28.750017,1412400,3.516593
1985-01-22,29.000004,29.250034,28.625024,29.000004,2089600,3.547171
1985-01-21,27.375005,29.000004,27.125019,29.000004,1747200,3.547171
1985-01-18,27.375005,27.375005,26.87503,27.000024,780000,3.302541
1985-01-17,26.749995,27.125019,26.749995,27.125019,888400,3.317829
1985-01-16,27.250012,27.250012,26.625002,27.125019,2311600,3.317829
1985-01-15,27.250012,27.375005,26.749995,27.125019,4373200,3.317829
1985-01-14,27.375005,27.625033,27.000024,27.499998,1958800,3.363696
1985-01-11,28.250001,28.374994,27.250012,27.375005,1603200,3.348407
1985-01-10,27.250012,28.250001,26.87503,28.000015,2211600,3.424856
1985-01-09,26.625002,27.499998,26.500009,27.499998,1244800,3.363696
1985-01-08,26.749995,26.749995,26.250021,26.500009,758400,3.241381
1985-01-07,27.499998,27.499998,26.625002,26.625002,1559600,3.256669
1985-01-04,27.499998,27.875022,27.000024,27.375005,1782000,3.348407
1985-01-03,28.125008,28.875011,27.375005,27.499998,1316400,3.363696
1985-01-02,28.625024,29.124997,28.374994,28.500031,722800,3.486016
1984-12-31,29.50002,29.50002,28.374994,28.500031,1649600,3.486016
1984-12-28,28.750017,29.50002,28.625024,29.124997,1546800,3.562459
1984-12-27,28.500031,28.875011,28.500031,28.750017,742000,3.516593
1984-12-26,28.374994,28.875011,28.374994,28.750017,512400,3.516593
1984-12-24,28.250001,28.374994,28.125008,28.250001,709600,3.455433
1984-12-21,27.875022,28.250001,27.875022,28.125008,2807200,3.440144
1984-12-20,27.375005,28.125008,27.125019,27.750026,1870800,3.394278
1984-12-19,28.000015,28.500031,27.499998,27.625033,4730000,3.378989
1984-12-18,27.625033,28.000015,27.625033,27.750026,3217200,3.394278
1984-12-17,27.625033,28.125008,27.125019,27.750026,1516800,3.394278
1984-12-14,27.375005,28.000015,27.375005,27.750026,1822400,3.394278
1984-12-13,27.875022,28.000015,27.250012,27.499998,2288800,3.363696
1984-12-12,28.125008,28.374994,27.875022,28.000015,1708400,3.424856
1984-12-11,28.125008,28.250001,28.000015,28.250001,778000,3.455433
1984-12-10,28.000015,28.374994,27.875022,28.125008,754400,3.440144
1984-12-07,27.750026,28.250001,27.750026,28.000015,858800,3.424856
1984-12-06,27.875022,28.000015,27.750026,27.750026,1107200,3.394278
1984-12-05,28.250001,28.250001,27.875022,27.875022,1249600,3.409567
1984-12-04,28.250001,28.500031,28.000015,28.250001,981600,3.455433
1984-12-03,28.500031,28.875011,28.250001,28.250001,1358000,3.455433
1984-11-30,28.250001,29.000004,28.125008,29.000004,1190800,3.547171
1984-11-29,28.500031,28.750017,28.125008,28.374994,769200,3.470722
1984-11-28,28.374994,28.374994,28.000015,28.250001,832800,3.455433
1984-11-27,29.000004,29.000004,28.500031,28.625024,1476400,3.501305
1984-11-26,30.250023,30.250023,29.124997,29.250034,1967600,3.577753
1984-11-23,30.500009,30.749998,30.250023,30.500009,1477600,3.675605
1984-11-21,31.000026,31.125019,30.12503,30.375016,3746400,3.660542
1984-11-20,30.749998,31.375007,30.749998,31.125019,1273200,3.750926
1984-11-19,30.749998,30.875033,30.625004,30.749998,713600,3.705731
1984-11-16,31.250014,32.000017,30.625004,30.625004,1680400,3.690668
1984-11-15,31.125019,31.50,31.125019,31.375007,1736800,3.781052
1984-11-14,31.875022,32.000017,31.50,31.625036,2167600,3.811184
1984-11-13,32.250003,32.374996,31.875022,31.875022,1578800,3.84131
1984-11-12,31.875022,32.250003,31.750029,32.250003,525200,3.886499
1984-11-09,31.875022,32.374996,31.875022,32.000017,1103600,3.856373
1984-11-08,31.875022,31.875022,31.750029,31.875022,888400,3.84131
1984-11-07,32.12501,32.374996,31.50,31.875022,1273200,3.84131
1984-11-06,31.875022,32.374996,31.875022,32.374996,772000,3.901562
1984-11-05,31.50,31.875022,31.50,31.750029,1839200,3.826247
1984-11-02,31.125019,31.625036,31.125019,31.50,2440800,3.796115
1984-11-01,31.125019,31.50,30.250023,31.375007,2351600,3.781052
1984-10-31,30.625004,30.875033,30.625004,30.875033,1801600,3.720799
1984-10-30,30.250023,31.000026,30.250023,30.875033,1304800,3.720799
1984-10-29,29.750007,30.375016,29.750007,30.12503,2278400,3.630415
1984-10-26,29.999995,30.375016,29.875002,29.999995,337200,3.615347
1984-10-25,29.875002,30.625004,29.750007,30.250023,1577200,3.645479
1984-10-24,29.625013,29.875002,29.250034,29.750007,6110800,3.585221
1984-10-23,29.875002,30.250023,29.625013,29.750007,1804800,3.585221
1984-10-22,29.50002,29.999995,29.375027,29.750007,1166800,3.585221
1984-10-19,29.999995,30.250023,29.50002,29.750007,2183600,3.585221
1984-10-18,29.625013,30.12503,29.000004,30.12503,6190800,3.630415
1984-10-17,30.250023,30.749998,29.999995,29.999995,2244000,3.615347
1984-10-16,31.125019,31.250014,30.500009,30.875033,1258800,3.720799
1984-10-15,31.250014,31.875022,30.875033,31.750029,690800,3.826247
1984-10-12,30.625004,31.625036,30.500009,31.125019,1193200,3.750926
1984-10-11,30.749998,30.875033,30.375016,30.500009,934800,3.675605
1984-10-10,31.750029,31.750029,30.250023,30.749998,2575600,3.705731
1984-10-09,31.875022,32.000017,31.50,31.750029,1564400,3.826247
1984-10-08,32.000017,32.12501,31.875022,32.12501,663200,3.871436
1984-10-05,32.374996,32.625027,32.12501,32.250003,314000,3.886499
1984-10-04,32.12501,32.625027,32.000017,32.625027,947200,3.931694
1984-10-03,32.500032,32.500032,31.750029,31.875022,918400,3.84131
1984-10-02,32.875013,33.124999,32.374996,32.75002,998400,3.946757
1984-10-01,32.625027,33.000006,32.625027,32.75002,591200,3.946757
1984-09-28,32.625027,33.000006,32.625027,32.875013,800800,3.96182
1984-09-27,32.75002,33.000006,31.250014,32.75002,1162400,3.946757
1984-09-26,32.000017,33.000006,31.750029,32.374996,2424800,3.901562
1984-09-25,32.250003,32.374996,31.750029,32.12501,1523200,3.871436
1984-09-24,32.500032,32.625027,32.12501,32.374996,384000,3.901562
1984-09-21,32.625027,33.750011,32.250003,32.625027,1896000,3.931694
1984-09-20,33.000006,33.124999,32.250003,32.625027,885600,3.931694
1984-09-19,32.374996,33.625016,32.374996,32.625027,1678800,3.931694
1984-09-18,33.750011,33.750011,33.000006,33.124999,1211600,3.991947
1984-09-17,33.750011,33.875002,32.500032,33.124999,1941600,3.991947
1984-09-14,33.000006,33.250034,32.500032,33.124999,1747200,3.991947
1984-09-13,32.000017,33.250034,31.250014,32.875013,1626000,3.96182
1984-09-12,31.250014,31.875022,31.250014,31.750029,628800,3.826247
1984-09-11,32.374996,32.875013,31.750029,31.875022,1389200,3.84131
1984-09-10,31.625036,32.625027,31.50,32.250003,965600,3.886499
1984-09-07,32.374996,32.374996,31.750029,32.12501,2402800,3.871436
1984-09-06,32.250003,32.625027,32.000017,32.250003,1837200,3.886499
1984-09-05,32.500032,33.250034,31.750029,32.250003,977200,3.886499
1984-09-04,33.000006,33.000006,32.500032,32.75002,535200,3.946757
1984-08-31,32.625027,33.000006,32.500032,33.000006,806800,3.976883
1984-08-30,32.875013,33.250034,32.500032,32.75002,1670400,3.946757
1984-08-29,33.124999,33.37503,31.250014,32.625027,1184000,3.931694
1984-08-28,32.875013,33.250034,32.75002,32.875013,959200,3.96182
1984-08-27,33.500023,33.750011,33.250034,33.37503,1325600,3.96785
1984-08-24,33.750011,34.000037,33.37503,33.500023,681600,3.98271
1984-08-23,33.500023,34.250023,33.500023,34.000037,1088800,4.042155
1984-08-22,34.375019,34.75,33.875002,33.875002,2035200,4.02729
1984-08-21,33.250034,34.500014,33.250034,34.250023,3221200,4.071875
1984-08-20,32.75002,33.625016,32.75002,33.500023,956000,3.98271
1984-08-17,33.250034,33.625016,33.000006,33.000006,1308000,3.923264
1984-08-16,32.250003,33.37503,32.250003,33.000006,775200,3.923264
1984-08-15,32.625027,33.124999,32.374996,32.500032,1561600,3.863824
1984-08-14,33.000006,33.250034,32.75002,32.875013,2192800,3.908404
1984-08-13,33.000006,33.500023,32.75002,33.000006,2173200,3.923264
1984-08-10,34.250023,34.75,33.250034,33.250034,4520400,3.952989
1984-08-09,32.75002,34.000037,32.75002,33.625016,2466400,3.99757
1984-08-08,32.875013,34.000037,32.75002,32.875013,3061600,3.908404
1984-08-07,33.500023,34.125032,32.875013,32.875013,3735600,3.908404
1984-08-06,34.125032,36.250006,33.500023,34.125032,4679600,4.057015
1984-08-03,31.125019,34.75,31.000026,34.375019,3772000,4.086735
1984-08-02,30.625004,31.250014,30.375016,31.125019,1223600,3.700353
1984-08-01,29.625013,31.750029,29.625013,30.875033,2916800,3.670633
1984-07-31,29.375027,29.750007,28.625024,29.625013,2592400,3.522022
1984-07-30,30.12503,30.500009,29.250034,29.625013,1796400,3.522022
1984-07-27,30.875033,31.000026,30.500009,30.625004,965200,3.640908
1984-07-26,31.250014,31.625036,30.625004,30.625004,2413600,3.640908
1984-07-25,31.50,31.875022,31.125019,31.250014,1699600,3.715214
1984-07-24,32.625027,32.75002,32.000017,32.000017,1632400,3.804379
1984-07-23,32.875013,33.000006,32.374996,32.75002,1983600,3.893544
1984-07-20,33.250034,33.37503,33.000006,33.250034,1481600,3.952989
1984-07-19,33.250034,33.625016,33.124999,33.250034,602000,3.952989
1984-07-18,33.500023,33.625016,33.124999,33.124999,491200,3.938124
1984-07-17,33.37503,33.875002,33.250034,33.500023,248800,3.98271
1984-07-16,33.250034,33.750011,33.250034,33.37503,421200,3.96785
1984-07-13,33.124999,33.500023,33.124999,33.37503,1076800,3.96785
1984-07-12,32.875013,33.250034,32.75002,33.000006,526800,3.923264
1984-07-11,33.750011,33.750011,32.500032,32.75002,2643200,3.893544
1984-07-10,34.000037,34.250023,33.625016,33.625016,914400,3.99757
1984-07-09,33.500023,34.250023,33.500023,34.125032,496400,4.057015
1984-07-06,33.750011,33.875002,33.625016,33.750011,1162800,4.01243
1984-07-05,33.500023,33.750011,33.500023,33.625016,870800,3.99757
1984-07-03,33.124999,33.625016,33.124999,33.500023,981600,3.98271
1984-07-02,33.625016,33.750011,33.000006,33.37503,3056400,3.96785
1984-06-29,33.625016,34.000037,33.500023,33.625016,2716400,3.99757
1984-06-28,33.750011,34.000037,33.625016,33.750011,1657600,4.01243
1984-06-27,33.500023,33.875002,33.37503,33.500023,1667200,3.98271
1984-06-26,33.500023,34.000037,33.37503,33.625016,1481200,3.99757
1984-06-25,34.375019,34.500014,33.000006,33.124999,1559200,3.938124
1984-06-22,34.75,35.250017,34.000037,34.625005,848400,4.116455
1984-06-21,35.875024,35.875024,34.125032,34.75,1591200,4.131316
1984-06-20,34.500014,36.000019,34.000037,36.000019,894800,4.279926
1984-06-19,34.875035,34.875035,34.250023,34.625005,397200,4.116455
1984-06-18,33.750011,35.000026,33.37503,34.500014,1118400,4.101596
1984-06-15,35.625038,35.625038,34.500014,34.625005,591200,4.116455
1984-06-14,36.500036,36.500036,35.125021,35.250017,724800,4.190761
1984-06-13,37.125004,37.125004,36.250006,36.250006,412000,4.309646
1984-06-12,36.375001,36.875013,36.125011,36.875013,466400,4.383952
1984-06-11,37.250039,37.250039,36.500036,36.500036,383600,4.339372
1984-06-08,37.250039,37.37503,36.750022,37.125004,588000,4.413672
1984-06-07,37.125004,37.37503,36.750022,37.000008,984000,4.398812
1984-06-06,36.250006,37.625016,36.125011,37.37503,689600,4.443397
1984-06-05,36.750022,36.750022,36.125011,36.375001,659200,4.324507
1984-06-04,37.500025,37.750011,36.750022,37.000008,1085600,4.398812
1984-06-01,36.750022,37.125004,36.000019,37.000008,1019200,4.398812
1984-05-31,37.625016,37.999998,36.750022,37.000008,726800,4.398812
1984-05-30,37.625016,38.250028,36.750022,37.875006,1306000,4.502838
1984-05-29,37.125004,37.875006,37.125004,37.625016,594800,4.473117
1984-05-25,36.500036,37.250039,36.500036,37.000008,602000,4.398812
1984-05-24,37.000008,37.750011,36.750022,37.000008,1647200,4.345315
1984-05-23,37.875006,37.875006,36.625027,36.625027,851600,4.301276
1984-05-22,38.250028,38.375019,37.500025,38.125033,766800,4.477438
1984-05-21,39.000031,39.250017,38.500014,38.500014,1120000,4.521477
1984-05-18,39.000031,39.000031,38.625009,39.000031,843200,4.580199
1984-05-17,39.125022,39.250017,38.250028,38.500014,751600,4.521477
1984-05-16,38.75,39.250017,38.75,39.250017,824800,4.609558
1984-05-15,38.375019,39.500003,38.375019,38.75,1133200,4.550835
1984-05-14,37.999998,38.625009,37.999998,38.375019,946800,4.506797
1984-05-11,38.500014,38.625009,37.999998,38.250028,1960400,4.492118
1984-05-10,39.750033,39.750033,38.875036,39.000031,2616800,4.580199
1984-05-09,39.750033,40.250006,39.000031,39.750033,1932400,4.66828
1984-05-08,39.750033,40.250006,39.625038,39.750033,1410800,4.66828
1984-05-07,40.250006,40.375001,39.625038,39.875029,1640800,4.68296
1984-05-04,40.750023,40.750023,39.875029,40.125015,1969600,4.712318
1984-05-03,41.875007,41.875007,40.625031,40.875018,1152800,4.800399
1984-05-02,41.000009,42.000042,41.000009,42.000042,1528800,4.932523
1984-05-01,41.000009,41.500025,40.875018,41.125004,1066400,4.829758
1984-04-30,40.250006,41.375034,40.125015,41.250039,1180800,4.844442
1984-04-27,42.750005,42.750005,39.875029,40.500036,4872800,4.756361
1984-04-26,42.62501,43.250021,42.62501,43.125026,1950000,5.064642
1984-04-25,42.125037,43.000031,42.000042,42.87504,1632000,5.035284
1984-04-24,41.750012,42.375023,41.750012,42.125037,1622800,4.947203
1984-04-23,42.750005,42.750005,41.625021,41.625021,464800,4.88848
1984-04-19,42.250028,42.750005,42.125037,42.750005,819600,5.020599
1984-04-18,42.750005,42.87504,42.500014,42.62501,809200,5.00592
1984-04-17,43.625043,43.750034,43.000031,43.125026,1352400,5.064642
1984-04-16,42.62501,43.750034,42.375023,43.750034,2444800,5.138044
1984-04-13,42.500014,44.000024,42.500014,42.87504,4062000,5.035284
1984-04-12,42.000042,42.375023,41.000009,42.250028,1134400,4.961882
1984-04-11,42.375023,42.62501,41.750012,41.750012,1493600,4.903159
1984-04-10,41.750012,42.750005,41.625021,42.125037,1451200,4.947203
1984-04-09,42.125037,42.250028,41.250039,41.500025,1054800,4.873801
1984-04-06,41.750012,42.375023,41.000009,42.125037,1988400,4.947203
1984-04-05,42.125037,42.62501,42.000042,42.250028,2096000,4.961882
1984-04-04,41.500025,42.250028,41.250039,41.625021,1344400,4.88848
1984-04-03,41.625021,41.750012,41.250039,41.500025,1408800,4.873801
1984-04-02,42.87504,43.125026,41.500025,41.750012,1409600,4.903159
1984-03-30,43.125026,43.500008,42.750005,42.87504,1027200,5.035284
1984-03-29,43.375012,44.000024,43.250021,43.375012,2015600,5.094001
1984-03-28,42.375023,43.750034,42.375023,43.375012,3387200,5.094001
1984-03-27,42.250028,42.250028,41.125004,41.500025,1959200,4.873801
1984-03-26,41.625021,42.000042,41.375034,41.500025,1330000,4.873801
1984-03-23,41.750012,42.000042,41.250039,41.750012,1700000,4.903159
1984-03-22,41.875007,41.875007,41.125004,41.750012,1987600,4.903159
1984-03-21,40.875018,42.375023,40.750023,42.000042,6474800,4.932523
1984-03-20,39.625038,41.375034,39.625038,41.375034,3036400,4.859122
1984-03-19,39.250017,39.750033,38.625009,39.625038,841200,4.653601
1984-03-16,39.750033,40.00002,39.375012,40.00002,2603600,4.697639
1984-03-15,38.250028,39.375012,38.250028,39.000031,2452800,4.580199
1984-03-14,37.500025,38.500014,37.500025,38.250028,978000,4.492118
1984-03-13,37.500025,38.125033,37.37503,37.750011,1476800,4.433396
1984-03-12,36.250006,37.250039,36.000019,37.250039,706000,4.374678
1984-03-09,36.000019,36.500036,35.250017,36.250006,792000,4.257234
1984-03-08,36.250006,36.625027,36.000019,36.250006,615200,4.257234
1984-03-07,36.625027,36.750022,36.125011,36.500036,916400,4.286597
1984-03-06,37.750011,37.750011,36.875013,37.125004,754800,4.359994
1984-03-05,38.125033,38.250028,37.625016,37.750011,935600,4.433396
1984-03-02,38.500014,38.75,38.125033,38.125033,568400,4.477438
1984-03-01,38.125033,38.375019,37.875006,38.250028,556400,4.492118
1984-02-29,37.999998,38.625009,37.875006,38.125033,959200,4.477438
1984-02-28,37.999998,38.375019,37.625016,37.999998,807600,4.462754
1984-02-27,37.625016,38.625009,37.250039,38.250028,1592800,4.492118
1984-02-24,36.750022,37.750011,36.750022,37.750011,1824400,4.433396
1984-02-23,37.125004,37.750011,36.750022,37.500025,946800,4.35119
1984-02-22,37.750011,38.625009,37.750011,37.750011,2068000,4.380197
1984-02-21,37.125004,38.125033,37.000008,37.999998,1154000,4.409203
1984-02-17,36.250006,37.500025,36.250006,36.875013,819200,4.278669
1984-02-16,35.625038,37.250039,35.625038,36.250006,1460400,4.206148
1984-02-15,35.750033,36.125011,35.000026,35.750033,799600,4.148136
1984-02-14,35.250017,35.875024,35.250017,35.500003,1238800,4.119124
1984-02-13,34.875035,35.500003,34.875035,35.000026,850400,4.061111
1984-02-10,34.375019,35.000026,34.375019,34.75,1714400,4.0321
1984-02-09,33.625016,34.75,33.250034,34.500014,2400000,4.003094
1984-02-08,34.250023,34.375019,33.625016,33.625016,1536400,3.901566
1984-02-07,34.000037,34.500014,33.625016,34.250023,986000,3.974087
1984-02-06,34.500014,34.875035,32.625027,33.750011,2636000,3.91607
1984-02-03,35.750033,36.000019,34.375019,34.75,1235600,4.0321
1984-02-02,35.125021,35.625038,35.125021,35.625038,930800,4.133632
1984-02-01,35.875024,36.750022,35.375008,35.625038,1087600,4.133632
1984-01-31,35.750033,36.250006,35.250017,36.000019,1289200,4.177142
1984-01-30,36.125011,36.250006,34.875035,35.250017,2236400,4.090118
1984-01-27,36.125011,36.375001,35.625038,36.000019,1205200,4.177142
1984-01-26,37.750011,37.750011,36.000019,36.250006,3297200,4.206148
1984-01-25,38.250028,38.250028,37.125004,37.500025,3189200,4.35119
1984-01-24,37.000008,38.375019,37.000008,37.37503,2400800,4.336687
1984-01-23,37.250039,37.37503,36.625027,37.000008,1034000,4.293173
1984-01-20,37.37503,37.500025,36.875013,37.250039,1739600,4.322184
1984-01-19,38.125033,38.250028,37.000008,37.250039,2571200,4.322184
1984-01-18,38.500014,38.75,37.500025,38.250028,1330800,4.438214
1984-01-17,38.125033,38.500014,38.125033,38.375019,444400,4.452717
1984-01-16,38.125033,38.375019,37.875006,37.999998,1080000,4.409203
1984-01-13,38.500014,38.75,37.625016,37.999998,809600,4.409203
1984-01-12,38.625009,38.625009,38.125033,38.250028,447200,4.438214
1984-01-11,38.500014,38.500014,37.750011,38.375019,2630800,4.452717
1984-01-10,39.625038,39.875029,38.375019,38.500014,1650400,4.467221
1984-01-09,40.875018,40.875018,39.500003,39.875029,1435200,4.626766
1984-01-06,40.875018,41.000009,40.500036,41.000009,1113200,4.757299
1984-01-05,40.750023,41.250039,40.500036,40.750023,2413200,4.728293
1984-01-04,39.125022,40.500036,39.125022,40.500036,1597200,4.699287
1984-01-03,40.375001,40.500036,39.125022,39.125022,653200,4.539741
1983-12-30,40.625031,40.750023,40.125015,40.375001,642400,4.684779
1983-12-29,41.250039,41.750012,41.000009,41.000009,1783200,4.757299
1983-12-28,39.250017,41.125004,39.000031,41.000009,1846800,4.757299
1983-12-27,37.875006,39.375012,37.875006,39.125022,1325200,4.539741
1983-12-23,37.875006,38.250028,37.875006,38.125033,178800,4.423711
1983-12-22,37.875006,38.250028,37.625016,38.125033,3258000,4.423711
1983-12-21,37.500025,38.500014,37.500025,38.500014,1153600,4.467221
1983-12-20,37.625016,37.750011,36.750022,37.625016,1425200,4.365693
1983-12-19,38.250028,38.375019,37.625016,37.750011,1354800,4.380197
1983-12-16,38.625009,38.875036,37.999998,38.500014,956400,4.467221
1983-12-15,38.75,39.125022,38.75,38.75,544800,4.496227
1983-12-14,40.00002,40.125015,38.75,39.000031,2769600,4.525238
1983-12-13,40.125015,40.375001,39.625038,40.125015,1365200,4.655772
1983-12-12,40.00002,40.875018,39.875029,40.750023,1360400,4.728293
1983-12-09,38.625009,39.750033,38.500014,39.625038,1661600,4.597759
1983-12-08,38.500014,39.375012,38.375019,38.625009,1056000,4.481724
1983-12-07,38.500014,38.500014,38.125033,38.500014,668000,4.467221
1983-12-06,38.500014,38.625009,37.999998,38.500014,801200,4.467221
1983-12-05,38.375019,39.000031,38.125033,38.75,1118400,4.496227
1983-12-02,38.500014,38.500014,38.125033,38.500014,469600,4.467221
1983-12-01,38.250028,38.375019,37.999998,38.250028,479200,4.438214
1983-11-30,39.000031,39.250017,38.125033,38.125033,674800,4.423711
1983-11-29,38.625009,39.250017,38.375019,39.250017,845600,4.554245
1983-11-28,38.500014,38.75,38.125033,38.375019,875600,4.452717
1983-11-25,38.500014,38.625009,37.999998,38.250028,338400,4.438214
1983-11-23,37.625016,38.875036,37.37503,38.625009,1832800,4.429511
1983-11-22,37.000008,37.750011,36.875013,37.000008,1212400,4.243157
1983-11-21,37.37503,37.999998,36.750022,37.125004,1036800,4.257491
1983-11-18,39.000031,39.000031,37.750011,37.750011,1803600,4.329167
1983-11-17,38.625009,39.500003,38.625009,39.000031,645600,4.472519
1983-11-16,38.375019,38.875036,38.250028,38.500014,385600,4.415177
1983-11-15,38.375019,38.75,37.999998,38.375019,357600,4.400843
1983-11-14,38.875036,39.250017,37.750011,38.625009,545200,4.429511
1983-11-11,38.500014,38.875036,38.250028,38.875036,442000,4.458184
1983-11-10,38.375019,38.875036,38.125033,38.375019,720000,4.400843
1983-11-09,37.37503,38.375019,37.250039,38.125033,1107600,4.372174
1983-11-08,37.625016,37.999998,37.37503,37.500025,1053600,4.300498
1983-11-07,37.999998,38.375019,36.500036,37.37503,1057600,4.286164
1983-11-04,38.375019,38.75,37.625016,37.999998,1538400,4.357835
1983-11-03,39.875029,39.875029,38.625009,38.75,864400,4.443845
1983-11-02,38.625009,40.125015,38.625009,39.875029,1431600,4.572864
1983-11-01,37.999998,38.625009,37.625016,38.500014,1491600,4.415177
1983-10-31,37.875006,38.125033,37.125004,37.625016,852000,4.314832
1983-10-28,38.75,38.875036,37.500025,37.750011,1278400,4.329167
1983-10-27,39.750033,39.750033,37.999998,38.625009,2117600,4.429511
1983-10-26,41.500025,41.500025,40.00002,40.00002,974400,4.587198
1983-10-25,41.375034,41.625021,41.250039,41.500025,1144400,4.759218
1983-10-24,41.125004,41.750012,41.000009,41.250039,1077600,4.73055
1983-10-21,42.000042,42.500014,41.500025,41.625021,1314000,4.773552
1983-10-20,41.625021,42.250028,41.625021,42.000042,779200,4.81656
1983-10-19,41.375034,41.875007,41.375034,41.875007,1776400,4.802221
1983-10-18,41.750012,42.000042,41.375034,41.750012,570800,4.787886
1983-10-17,41.625021,42.250028,41.125004,42.125037,587600,4.830894
1983-10-14,41.375034,41.750012,41.250039,41.500025,437200,4.759218
1983-10-13,41.500025,41.875007,41.125004,41.250039,559200,4.73055
1983-10-12,41.250039,42.000042,41.125004,41.500025,499600,4.759218
1983-10-11,42.125037,42.125037,41.250039,41.250039,590000,4.73055
1983-10-10,39.875029,42.375023,39.625038,42.125037,1937600,4.830894
1983-10-07,41.250039,41.250039,40.125015,40.250006,1494800,4.615866
1983-10-06,40.625031,41.500025,40.375001,41.125004,1013200,4.716211
1983-10-05,40.500036,40.625031,40.00002,40.625031,1310000,4.658874
1983-10-04,41.750012,42.375023,40.625031,40.750023,1715200,4.673208
1983-10-03,42.62501,43.500008,41.875007,41.875007,2540400,4.802221
1983-09-30,42.87504,42.87504,42.250028,42.62501,1686000,4.888231
1983-09-29,41.875007,43.500008,41.875007,43.125026,954000,4.945573
1983-09-28,41.750012,42.000042,41.625021,42.000042,748400,4.81656
1983-09-27,42.87504,42.87504,41.250039,42.000042,1897200,4.81656
1983-09-26,42.87504,43.250021,42.750005,43.125026,760000,4.945573
1983-09-23,43.250021,43.750034,43.000031,43.250021,1138800,4.959907
1983-09-22,42.500014,43.250021,42.375023,43.250021,1846800,4.959907
1983-09-21,42.87504,43.000031,42.500014,42.500014,1312400,4.873897
1983-09-20,42.62501,43.125026,42.500014,42.87504,1252800,4.916904
1983-09-19,42.000042,42.62501,41.750012,42.375023,840000,4.859563
1983-09-16,41.625021,42.375023,41.375034,42.250028,477200,4.845228
1983-09-15,41.750012,42.500014,41.250039,41.375034,641600,4.744884
1983-09-14,41.375034,41.625021,41.125004,41.625021,1358400,4.773552
1983-09-13,42.500014,42.500014,40.625031,41.375034,1682400,4.744884
1983-09-12,45.375035,45.50003,42.750005,43.000031,1913600,4.931238
1983-09-09,45.625021,45.625021,44.625032,44.875018,1302000,5.146262
1983-09-08,45.375035,45.875007,45.25004,45.875007,2141200,5.26094
1983-09-07,45.750016,46.125037,45.25004,45.875007,2168400,5.26094
1983-09-06,46.000002,46.000002,45.50003,45.875007,1478400,5.26094
1983-09-02,44.000024,45.125004,43.875029,45.000013,2615200,5.160596
1983-09-01,44.000024,44.25001,43.750034,44.000024,1652000,5.045918
1983-08-31,43.875029,44.000024,43.375012,43.875029,2697200,5.031583
1983-08-30,44.625032,44.625032,43.375012,43.500008,700400,4.988576
1983-08-29,45.000013,45.125004,44.375002,44.500037,1943600,5.103259
1983-08-26,44.25001,45.50003,43.875029,45.50003,1880800,5.172067
1983-08-25,43.875029,44.500037,43.750034,44.25001,2249200,5.029975
1983-08-24,44.875018,45.000013,43.750034,43.750034,3163200,4.973142
1983-08-23,45.750016,45.875007,45.125004,45.125004,823600,5.129437
1983-08-22,46.500019,47.250022,45.375035,45.875007,2984000,5.214691
1983-08-19,45.25004,46.375024,45.125004,46.375024,1558000,5.271529
1983-08-18,45.625021,46.250033,45.25004,45.50003,2436400,5.172067
1983-08-17,44.000024,45.875007,44.000024,45.750016,2276800,5.200483
1983-08-16,44.25001,44.500037,43.500008,43.875029,922000,4.98735
1983-08-15,44.750027,45.25004,44.125015,44.25001,3946000,5.029975
1983-08-12,41.250039,43.000031,41.250039,43.000031,2645600,4.887887
1983-08-11,41.750012,41.875007,41.000009,41.125004,1333200,4.67475
1983-08-10,40.625031,41.875007,40.625031,41.750012,1204000,4.745796
1983-08-09,41.000009,41.250039,40.500036,40.875018,1874000,4.646334
1983-08-08,41.125004,41.750012,40.750023,41.250039,1400000,4.688963
1983-08-05,40.375001,41.875007,40.125015,41.500025,695600,4.717379
1983-08-04,40.500036,40.625031,39.500003,40.250006,1881600,4.575287
1983-08-03,39.500003,39.875029,39.250017,39.875029,1194800,4.532663
1983-08-02,39.375012,39.875029,39.000031,39.125022,1643600,4.447409
1983-08-01,39.250017,39.875029,38.375019,39.500003,1683200,4.490033
1983-07-29,40.500036,40.625031,39.000031,39.375012,1713200,4.475825
1983-07-28,42.125037,42.125037,41.000009,41.250039,688800,4.688963
1983-07-27,42.250028,42.87504,41.750012,41.750012,969600,4.745796
1983-07-26,43.000031,43.750034,42.500014,42.500014,833200,4.83105
1983-07-25,42.125037,43.125026,42.125037,42.87504,715200,4.87368
1983-07-22,42.312528,42.500014,42.125037,42.500014,404800,4.83105
1983-07-21,42.250028,42.500014,42.000042,42.250028,755200,4.802633
1983-07-20,42.000042,42.500014,41.750012,42.375023,1361200,4.816842
1983-07-19,40.625031,41.375034,40.625031,41.375034,738000,4.703171
1983-07-18,40.00002,40.625031,39.625038,40.500036,871600,4.603709
1983-07-15,40.125015,40.125015,39.750033,39.875029,744800,4.532663
1983-07-14,40.250006,40.500036,40.00002,40.125015,826800,4.561079
1983-07-13,40.250006,40.250006,39.625038,39.750033,847600,4.518455
1983-07-12,41.375034,41.375034,40.250006,40.375001,845200,4.589496
1983-07-11,40.875018,41.375034,40.625031,41.250039,1188000,4.688963
1983-07-08,41.250039,41.625021,40.500036,40.625031,760800,4.617917
1983-07-07,42.87504,42.87504,40.875018,40.875018,2554800,4.646334
1983-07-06,42.125037,43.375012,41.500025,42.87504,3178800,4.87368
1983-07-05,41.000009,42.250028,40.250006,42.250028,1213600,4.802633
1983-07-01,41.375034,41.375034,40.625031,40.750023,556000,4.632125
1983-06-30,39.625038,41.250039,39.500003,40.750023,1018800,4.632125
1983-06-29,39.250017,39.375012,38.500014,39.375012,1043200,4.475825
1983-06-28,39.250017,39.625038,38.625009,38.75,760000,4.404779
1983-06-27,39.875029,40.00002,38.250028,39.000031,1560000,4.433201
1983-06-24,41.000009,41.375034,39.875029,40.00002,966000,4.546871
1983-06-23,41.750012,41.875007,41.125004,41.500025,1370000,4.717379
1983-06-22,41.000009,42.125037,39.875029,42.000042,3638800,4.774217
1983-06-21,38.375019,40.00002,38.125033,40.00002,1252400,4.546871
1983-06-20,37.999998,38.500014,37.875006,38.500014,1054800,4.376363
1983-06-17,37.500025,38.625009,37.125004,37.750011,2000000,4.291109
1983-06-16,37.125004,37.999998,37.000008,37.750011,1232800,4.291109
1983-06-15,36.750022,36.875013,36.250006,36.875013,470400,4.191646
1983-06-14,37.250039,37.250039,36.875013,37.000008,918800,4.205855
1983-06-13,36.750022,37.125004,36.125011,37.125004,892400,4.220063
1983-06-10,35.125021,36.250006,35.125021,36.250006,1025200,4.1206
1983-06-09,34.625005,35.250017,34.500014,35.250017,1631200,4.00693
1983-06-08,34.500014,34.875035,34.250023,34.375019,920000,3.907467
1983-06-07,35.000026,35.000026,34.125032,34.500014,1111600,3.921676
1983-06-06,35.500003,35.625038,34.875035,35.000026,758000,3.978513
1983-06-03,36.250006,36.375001,35.750033,35.750033,589600,4.063768
1983-06-02,35.625038,36.750022,35.125021,36.500036,2185600,4.149022
1983-06-01,34.250023,34.75,34.125032,34.625005,1443600,3.935884
1983-05-31,33.875002,34.75,33.750011,34.125032,2161600,3.879051
1983-05-27,35.500003,35.750033,34.000037,34.250023,2965600,3.893259
1983-05-26,36.750022,36.750022,35.125021,35.375008,1360800,4.021138
1983-05-25,37.000008,37.000008,36.125011,36.750022,920400,4.177438
1983-05-24,37.250039,37.875006,37.000008,37.000008,2191600,4.160386
1983-05-23,35.250017,37.750011,35.250017,37.000008,2033200,4.160386
1983-05-20,35.500003,36.000019,35.500003,35.875024,882000,4.03389
1983-05-19,36.500036,37.125004,35.500003,35.625038,1054800,4.005781
1983-05-18,36.250006,36.875013,36.125011,36.500036,1398000,4.104168
1983-05-17,35.625038,36.125011,35.000026,36.000019,683200,4.047945
1983-05-16,36.000019,36.000019,35.250017,35.500003,801600,3.991721
1983-05-13,36.250006,36.625027,36.125011,36.375001,258800,4.090109
1983-05-12,36.500036,36.625027,36.250006,36.375001,1320000,4.090109
1983-05-11,36.125011,37.000008,36.000019,36.500036,831200,4.104168
1983-05-10,36.500036,36.875013,36.125011,36.125011,854000,4.061999
1983-05-09,36.375001,36.750022,36.125011,36.500036,1162800,4.104168
1983-05-06,35.000026,36.750022,35.000026,36.750022,1300800,4.132277
1983-05-05,35.125021,35.500003,34.625005,35.125021,861200,3.949557
1983-05-04,35.750033,36.250006,35.125021,35.625038,1670400,4.005781
1983-05-03,35.250017,36.000019,35.000026,35.875024,1950000,4.03389
1983-05-02,34.625005,35.000026,34.250023,34.75,1648800,3.907389
1983-04-29,34.250023,34.75,33.625016,34.375019,1567200,3.865225
1983-04-28,34.000037,34.375019,33.500023,34.000037,1202800,3.823061
1983-04-27,34.125032,35.000026,33.124999,33.500023,2394000,3.766838
1983-04-26,32.625027,33.875002,31.250014,33.875002,1882000,3.809002
1983-04-25,31.375007,31.625036,31.125019,31.125019,1808400,3.499786
1983-04-22,32.000017,32.374996,31.250014,31.250014,1445200,3.513841
1983-04-21,32.000017,32.625027,31.750029,32.000017,1908400,3.598173
1983-04-20,31.375007,32.250003,31.000026,31.750029,1462800,3.570064
1983-04-19,31.750029,32.12501,31.125019,31.375007,1278000,3.527895
1983-04-18,32.12501,32.625027,31.750029,32.12501,1629200,3.612228
1983-04-15,34.000037,34.125032,32.12501,32.12501,1723600,3.612228
1983-04-14,34.000037,34.125032,33.750011,34.125032,1200400,3.837116
1983-04-13,33.124999,34.000037,32.250003,33.750011,1491600,3.794947
1983-04-12,34.375019,34.375019,33.124999,33.500023,465200,3.766838
1983-04-11,34.125032,34.500014,33.750011,34.375019,1440800,3.865225
1983-04-08,32.625027,33.750011,32.625027,33.750011,854800,3.794947
1983-04-07,32.374996,32.75002,31.50,32.500032,838000,3.654396
1983-04-06,32.625027,32.75002,31.625036,32.374996,824800,3.640337
1983-04-05,33.750011,33.875002,32.500032,32.625027,1105600,3.668451
1983-04-04,34.000037,34.250023,33.500023,33.500023,1568400,3.766838
1983-03-31,35.000026,35.000026,33.875002,34.000037,5006000,3.823061
1983-03-30,30.749998,32.625027,30.749998,32.500032,1460000,3.654396
1983-03-29,30.12503,31.000026,30.12503,30.625004,628800,3.443563
1983-03-28,30.250023,30.625004,29.625013,30.12503,1118800,3.387344
1983-03-25,31.000026,31.250014,29.999995,30.250023,969600,3.401399
1983-03-24,29.999995,31.000026,29.625013,31.000026,990400,3.485731
1983-03-23,29.750007,30.12503,29.50002,29.999995,1636400,3.373285
1983-03-22,30.749998,30.875033,29.250034,29.50002,1466000,3.317066
1983-03-21,30.250023,30.749998,29.625013,30.625004,1050800,3.443563
1983-03-18,30.625004,30.875033,30.250023,30.375016,1280000,3.415453
1983-03-17,30.625004,30.875033,30.250023,30.875033,1967600,3.471677
1983-03-16,31.125019,31.875022,30.250023,30.375016,2361200,3.415453
1983-03-15,33.000006,33.250034,32.625027,32.875013,870400,3.69656
1983-03-14,33.500023,34.000037,32.875013,33.000006,945200,3.710615
1983-03-11,34.250023,34.875035,33.500023,33.750011,1292400,3.794947
1983-03-10,35.750033,36.125011,35.250017,35.250017,1142800,3.963612
1983-03-09,35.125021,35.500003,34.75,35.500003,1747600,3.991721
1983-03-08,35.500003,35.875024,35.000026,35.250017,1175200,3.963612
1983-03-07,35.625038,35.875024,35.375008,35.875024,983600,4.03389
1983-03-04,35.250017,35.750033,34.75,35.625038,2021600,4.005781
1983-03-03,35.250017,35.750033,34.625005,35.500003,2104400,3.991721
1983-03-02,33.750011,35.000026,32.500032,34.625005,1835200,3.893334
1983-03-01,32.12501,32.875013,31.375007,32.625027,1601600,3.668451
1983-02-28,32.374996,33.124999,31.625036,31.625036,1134400,3.556009
1983-02-25,33.750011,34.500014,33.000006,34.125032,1133600,3.837116
1983-02-24,33.000006,33.625016,32.250003,33.250034,1679600,3.738729
1983-02-23,32.12501,32.500032,31.750029,32.374996,2116000,3.640337
1983-02-22,32.625027,33.37503,31.750029,32.75002,2528400,3.637529
1983-02-18,34.75,35.375008,34.125032,34.75,1213600,3.859666
1983-02-17,34.250023,34.75,33.750011,34.625005,903200,3.845783
1983-02-16,35.125021,35.375008,34.75,34.875035,938400,3.873553
1983-02-15,35.750033,36.125011,35.375008,35.375008,1111200,3.929085
1983-02-14,36.000019,36.500036,35.375008,36.125011,779200,4.012387
1983-02-11,36.375001,37.250039,35.500003,35.875024,900000,3.984622
1983-02-10,35.500003,36.625027,34.250023,36.375001,1558800,4.040154
1983-02-09,34.625005,35.000026,34.125032,34.625005,662800,3.845783
1983-02-08,34.125032,34.75,33.500023,34.500014,1256400,3.8319
1983-02-07,34.375019,34.875035,33.750011,34.375019,1482000,3.818017
1983-02-04,33.500023,34.000037,33.000006,33.750011,1101200,3.748597
1983-02-03,32.875013,33.37503,32.374996,33.000006,1280400,3.665295
1983-02-02,32.625027,33.124999,32.12501,32.875013,2110000,3.651412
1983-02-01,33.875002,34.375019,33.250034,33.250034,1556000,3.693065
1983-01-31,33.875002,34.375019,33.37503,34.250023,722000,3.804134
1983-01-28,34.000037,34.75,33.250034,33.875002,1487200,3.76248
1983-01-27,34.625005,34.875035,34.250023,34.875035,1757600,3.873553
1983-01-26,34.125032,34.625005,33.500023,34.500014,1348000,3.8319
1983-01-25,34.000037,34.875035,33.124999,33.750011,1834400,3.748597
1983-01-24,34.875035,36.250006,33.500023,34.375019,2171600,3.818017
1983-01-21,37.750011,38.375019,37.000008,37.37503,1362800,4.151226
1983-01-20,38.125033,38.875036,37.37503,38.500014,1596800,4.276178
1983-01-19,37.37503,37.875006,36.875013,37.250039,2470800,4.137344
1983-01-18,37.999998,38.875036,37.125004,37.875006,1508800,4.206759
1983-01-17,39.000031,39.250017,38.75,39.000031,1133200,4.331715
1983-01-14,38.75,39.500003,37.875006,39.125022,1779600,4.345597
1983-01-13,37.999998,38.500014,37.500025,37.999998,1573200,4.220641
1983-01-12,37.999998,39.000031,36.875013,38.125033,3561200,4.234529
1983-01-11,36.625027,37.125004,36.125011,36.750022,3845600,4.081807
1983-01-10,37.37503,37.875006,36.750022,36.750022,2018400,4.081807
1983-01-07,38.125033,38.875036,37.250039,37.875006,1812000,4.206759
1983-01-06,38.625009,39.125022,37.999998,38.875036,2807600,4.317831
1983-01-05,37.999998,38.375019,37.500025,38.250028,3566800,4.248412
1983-01-04,35.875024,37.125004,34.625005,37.125004,1503200,4.123456
1983-01-03,35.625038,36.250006,34.875035,35.000026,916400,3.887436
1982-12-31,35.500003,35.750033,35.250017,35.375008,255600,3.929085
1982-12-30,35.875024,36.375001,35.375008,35.500003,634400,3.942968
1982-12-29,36.375001,36.625027,36.125011,36.250006,821600,4.026271
1982-12-28,36.625027,37.000008,36.250006,36.500036,863600,4.054041
1982-12-27,36.875013,37.37503,36.375001,37.000008,1431200,4.109573
1982-12-23,36.125011,36.500036,35.625038,36.250006,1370000,4.026271
1982-12-22,35.250017,35.750033,34.625005,35.500003,1377600,3.942968
1982-12-21,34.375019,35.000026,33.750011,35.000026,1352400,3.887436
1982-12-20,34.375019,34.875035,33.750011,34.375019,1094400,3.818017
1982-12-17,34.000037,34.500014,33.37503,34.000037,1303600,3.776368
1982-12-16,33.750011,34.125032,33.250034,33.37503,1322000,3.706948
1982-12-15,33.37503,33.875002,32.875013,33.500023,1465600,3.720831
1982-12-14,35.125021,36.250006,33.875002,33.875002,2525600,3.76248
1982-12-13,35.125021,35.750033,34.500014,35.375008,1496000,3.929085
1982-12-10,35.500003,36.250006,34.75,35.750033,1996400,3.970739
1982-12-09,34.500014,35.375008,33.500023,34.875035,1980400,3.873553
1982-12-08,34.375019,34.875035,33.875002,33.875002,1803600,3.76248
1982-12-07,34.250023,34.875035,33.500023,34.375019,3636800,3.818017
1982-12-06,32.12501,33.000006,31.250014,33.000006,2042400,3.665295
1982-12-03,31.125019,31.50,30.625004,31.250014,1783200,3.470924
1982-12-02,30.749998,31.375007,29.999995,30.625004,804400,3.401504
1982-12-01,30.625004,31.250014,29.875002,30.625004,1914800,3.401504
1982-11-30,29.250034,29.750007,28.750017,29.50002,1644800,3.276553
1982-11-29,29.250034,29.625013,28.750017,29.250034,768000,3.248787
1982-11-26,29.124997,29.375027,28.750017,29.000004,311200,3.221016
1982-11-24,29.000004,29.250034,28.750017,29.124997,738000,3.234899
1982-11-23,29.375027,29.625013,29.124997,29.250034,838000,3.20436
1982-11-22,29.50002,29.999995,28.875011,29.250034,1010800,3.20436
1982-11-19,30.375016,30.875033,29.750007,29.999995,763200,3.286518
1982-11-18,30.500009,30.749998,30.12503,30.625004,635200,3.354989
1982-11-17,30.12503,30.500009,29.625013,30.12503,855600,3.300216
1982-11-16,29.250034,29.875002,28.625024,29.375027,1702800,3.218053
1982-11-15,29.625013,29.999995,29.124997,29.750007,1374800,3.259132
1982-11-12,31.50,32.875013,30.12503,30.375016,1672800,3.327602
1982-11-11,32.500032,32.875013,32.12501,32.875013,826000,3.601478
1982-11-10,33.000006,33.500023,32.374996,33.000006,1718400,3.615171
1982-11-09,32.250003,33.37503,31.125019,33.000006,3768400,3.615171
1982-11-08,31.125019,31.625036,30.625004,31.375007,1295200,3.437152
1982-11-05,31.750029,32.250003,31.125019,31.750029,1588800,3.478236
1982-11-04,32.12501,32.625027,31.50,31.50,2542400,3.450845
1982-11-03,30.749998,32.250003,29.250034,31.875022,3017600,3.491929
1982-11-02,29.375027,29.750007,28.875011,29.50002,1555600,3.231746
1982-11-01,28.500031,28.875011,28.125008,28.625024,1933200,3.135889
1982-10-29,28.875011,29.124997,28.500031,28.750017,1644000,3.149583
1982-10-28,29.50002,29.875002,29.124997,29.375027,873600,3.218053
1982-10-27,29.50002,29.875002,29.124997,29.50002,1754000,3.231746
1982-10-26,29.375027,29.875002,28.750017,29.625013,1764800,3.245439
1982-10-25,29.124997,29.750007,28.374994,28.875011,2009600,3.163276
1982-10-22,30.749998,31.50,29.999995,30.625004,1545600,3.354989
1982-10-21,31.50,32.374996,30.500009,31.375007,2669600,3.437152
1982-10-20,31.375007,32.250003,30.375016,32.250003,1834400,3.533008
1982-10-19,31.875022,32.75002,30.875033,31.125019,1851200,3.409765
1982-10-18,31.625036,32.000017,30.500009,31.875022,1725200,3.491929
1982-10-15,30.375016,31.000026,29.625013,30.250023,1456800,3.313909
1982-10-14,31.875022,32.875013,30.875033,31.625036,3512800,3.464543
1982-10-13,31.250014,32.75002,30.625004,31.750029,5392000,3.478236
1982-10-12,28.625024,29.625013,27.499998,28.875011,3470400,3.163276
1982-10-11,27.250012,28.000015,26.500009,27.125019,2278400,2.971563
1982-10-08,25.625011,26.125028,25.000001,25.999992,2677200,2.848316
1982-10-07,24.875008,25.000001,24.625022,24.875008,3497600,2.725073
1982-10-06,23.875019,24.374994,23.375003,24.000012,2148400,2.629216
1982-10-05,24.000012,24.125005,23.750026,23.875019,935200,2.615523
1982-10-04,23.875019,24.000012,23.625031,23.875019,856000,2.615523
1982-10-01,24.249999,24.500029,24.000012,24.249999,1645600,2.656603
1982-09-30,24.500029,24.750015,24.125005,24.125005,1391200,2.64291
1982-09-29,25.250032,25.500018,25.000001,25.000001,1043200,2.738766
1982-09-28,25.874999,26.250021,25.500018,25.625011,1224000,2.807236
1982-09-27,25.625011,25.874999,25.250032,25.500018,947600,2.793543
1982-09-24,25.750006,25.999992,25.500018,25.625011,1045600,2.807236
1982-09-23,25.874999,26.125028,25.500018,26.125028,1308400,2.862013
1982-09-22,26.125028,26.625002,25.500018,25.500018,1745600,2.793543
1982-09-21,26.125028,26.375014,25.750006,26.375014,1800400,2.889399
1982-09-20,25.750006,25.999992,25.500018,25.750006,1871600,2.820929
1982-09-17,25.750006,25.999992,25.500018,25.874999,1469600,2.834622
1982-09-16,26.500009,26.749995,26.125028,26.250021,1221600,2.875706
1982-09-15,26.749995,27.250012,26.250021,26.625002,1277600,2.916786
1982-09-14,27.000024,27.375005,26.500009,27.000024,1473600,2.95787
1982-09-13,26.125028,26.749995,25.500018,26.749995,1717200,2.930479
1982-09-10,25.750006,26.125028,25.250032,25.500018,1524800,2.793543
1982-09-09,26.125028,26.375014,25.750006,26.250021,1438800,2.875706
1982-09-08,26.375014,26.749995,25.999992,26.375014,1673200,2.889399
1982-09-07,26.749995,27.250012,26.125028,26.375014,1351200,2.889399
1982-09-03,26.749995,27.250012,26.125028,26.500009,2728000,2.903093
1982-09-02,24.374994,25.250032,23.375003,25.124996,2180800,2.752459
1982-09-01,24.374994,25.000001,23.750026,23.875019,3118000,2.615523
1982-08-31,24.875008,25.375025,24.249999,24.625022,739200,2.697687
1982-08-30,24.500029,24.750015,24.125005,24.500029,776000,2.683994
1982-08-27,25.375025,25.999992,24.750015,25.375025,2160000,2.73603
1982-08-26,26.375014,26.749995,25.874999,25.874999,2738000,2.789939
1982-08-25,25.750006,26.375014,25.000001,25.999992,6812800,2.803417
1982-08-24,25.250032,25.874999,24.500029,25.124996,3180400,2.709071
1982-08-23,24.249999,25.874999,22.500007,25.500018,1912400,2.749507
1982-08-20,21.99999,22.875028,21.000001,22.875028,2762400,2.466471
1982-08-19,21.625011,21.874997,21.250029,21.500016,1693200,2.318212
1982-08-18,23.125016,24.249999,21.874997,21.874997,2099600,2.358644
1982-08-17,22.749993,23.750026,21.625011,23.750026,1770800,2.560817
1982-08-16,22.875028,24.000012,21.625011,21.625011,960400,2.33169
1982-08-13,23.000023,23.499996,22.500007,23.499996,780000,2.533858
1982-08-12,23.375003,24.000012,22.625,22.875028,809600,2.466471
1982-08-11,23.875019,24.249999,23.499996,23.625031,735600,2.547339
1982-08-10,24.249999,24.625022,23.875019,24.249999,673200,2.614726
1982-08-09,23.750026,24.000012,23.375003,24.000012,619600,2.587771
1982-08-06,24.000012,24.374994,23.625031,23.750026,776400,2.560817
1982-08-05,24.000012,24.374994,23.499996,24.374994,1426400,2.628203
1982-08-04,24.249999,24.625022,23.875019,23.875019,836000,2.574294
1982-08-03,24.875008,25.500018,24.125005,24.500029,650800,2.641685
1982-08-02,25.750006,25.999992,25.375025,25.500018,994000,2.749507
1982-07-30,25.500018,25.750006,25.250032,25.250032,1091200,2.722553
1982-07-29,25.500018,25.874999,25.124996,25.874999,919600,2.789939
1982-07-28,25.625011,26.125028,25.124996,25.250032,765600,2.722553
1982-07-27,26.250021,26.749995,25.750006,25.750006,663200,2.776462
1982-07-26,26.375014,26.87503,25.750006,26.250021,1469200,2.830376
1982-07-23,25.500018,26.250021,24.625022,26.125028,1649600,2.816898
1982-07-22,25.250032,25.500018,24.875008,25.000001,1512400,2.695594
1982-07-21,25.250032,25.625011,24.875008,24.875008,1650800,2.682117
1982-07-20,24.374994,24.875008,23.875019,24.875008,1011600,2.682117
1982-07-19,24.125005,24.500029,23.625031,23.875019,1614400,2.574294
1982-07-16,24.249999,24.625022,23.875019,24.125005,1479200,2.601248
1982-07-15,24.875008,25.375025,24.374994,24.625022,2181600,2.655162
1982-07-14,25.000001,25.250032,24.374994,25.250032,1663200,2.722553
1982-07-13,24.249999,24.750015,24.125005,24.374994,1500400,2.628203
1982-07-12,24.875008,25.250032,24.374994,25.250032,1663200,2.722553
1982-07-09,26.250021,26.625002,25.750006,25.999992,1345200,2.803417
1982-07-08,25.874999,26.500009,25.250032,25.999992,1574400,2.803417
1982-07-07,26.500009,26.749995,26.250021,26.375014,623600,2.843853
1982-07-06,26.500009,26.749995,26.125028,26.375014,884000,2.843853
1982-07-02,26.749995,27.250012,26.250021,26.375014,820800,2.843853
1982-07-01,27.750026,28.250001,27.125019,27.250012,1484800,2.938198
1982-06-30,28.374994,28.750017,28.000015,28.125008,2434000,3.032544
1982-06-29,28.750017,29.124997,28.374994,28.374994,726800,3.059498
1982-06-28,28.750017,29.124997,28.250001,28.750017,808000,3.099935
1982-06-25,28.374994,28.750017,28.000015,28.250001,737600,3.046021
1982-06-24,29.124997,29.50002,28.625024,28.875011,1058400,3.113412
1982-06-23,28.875011,29.625013,28.125008,29.124997,1495200,3.140366
1982-06-22,28.125008,28.625024,27.625033,28.625024,891200,3.086457
1982-06-21,27.750026,28.000015,27.499998,27.750026,1371600,2.992112
1982-06-18,27.625033,27.875022,27.250012,27.625033,915600,2.978635
1982-06-17,28.000015,28.374994,27.499998,27.750026,1435200,2.992112
1982-06-16,28.750017,29.000004,28.374994,28.374994,1423600,3.059498
1982-06-15,28.374994,28.750017,28.000015,28.750017,779600,3.099935
1982-06-14,28.875011,29.124997,28.500031,28.750017,778800,3.099935
1982-06-11,29.250034,29.625013,28.875011,29.250034,1562800,3.153848
1982-06-10,29.000004,29.750007,28.250001,28.875011,3600000,3.113412
1982-06-09,29.625013,29.875002,29.250034,29.375027,989600,3.167325
1982-06-08,29.250034,29.50002,28.875011,29.375027,922000,3.167325
1982-06-07,29.124997,29.50002,28.625024,29.000004,1088800,3.126889
1982-06-04,29.000004,29.50002,28.374994,28.750017,89600,3.099935
1982-06-03,29.50002,30.250023,28.750017,29.375027,2850400,3.167325
1982-06-02,30.625004,31.125019,29.999995,30.250023,1952400,3.261671
1982-06-01,31.125019,31.375007,30.875033,31.000026,1436400,3.342539
1982-05-28,32.000017,33.500023,30.500009,30.749998,1890000,3.31558
1982-05-27,32.250003,32.374996,32.12501,32.250003,1218800,3.477316
1982-05-26,32.75002,33.000006,32.374996,32.374996,1365200,3.490793
1982-05-25,34.500014,35.125021,33.750011,33.750011,965600,3.595924
1982-05-24,34.500014,35.000026,33.875002,35.000026,853200,3.729108
1982-05-21,34.375019,34.875035,33.875002,34.000037,983200,3.622563
1982-05-20,34.625005,34.875035,34.375019,34.875035,666800,3.71579
1982-05-19,34.875035,35.375008,34.375019,34.625005,756800,3.689151
1982-05-18,35.375008,35.750033,35.000026,35.000026,501600,3.729108
1982-05-17,36.375001,37.000008,35.750033,35.875024,559200,3.822335
1982-05-14,37.37503,37.875006,36.750022,36.750022,1115600,3.915562
1982-05-13,37.999998,38.375019,37.500025,37.750011,845200,4.022107
1982-05-12,37.999998,38.500014,37.500025,37.875006,1397200,4.035425
1982-05-11,36.750022,37.500025,36.000019,37.125004,1283600,3.955515
1982-05-10,36.000019,36.250006,35.625038,36.000019,901200,3.835653
1982-05-07,35.875024,36.625027,35.000026,35.875024,1360800,3.822335
1982-05-06,34.875035,35.125021,34.625005,35.125021,1482400,3.742425
1982-05-05,34.625005,34.875035,34.250023,34.500014,792000,3.675833
1982-05-04,34.500014,34.75,34.250023,34.625005,2326000,3.689151
1982-05-03,34.375019,34.875035,33.875002,34.500014,1142400,3.675833
1982-04-30,35.125021,35.375008,34.75,34.75,880800,3.702468
1982-04-29,35.375008,35.750033,35.000026,35.250017,1020800,3.755743
1982-04-28,36.125011,36.500036,35.750033,36.000019,321200,3.835653
1982-04-27,36.375001,37.125004,35.625038,36.000019,767600,3.835653
1982-04-26,36.750022,37.250039,36.125011,37.250039,1211600,3.968837
1982-04-23,35.750033,36.250006,35.125021,36.125011,1683200,3.84897
1982-04-22,34.250023,35.000026,33.500023,34.500014,1614000,3.675833
1982-04-21,33.124999,33.625016,32.625027,33.250034,1384800,3.542653
1982-04-20,34.625005,35.500003,33.750011,34.125032,1173200,3.635881
1982-04-19,36.000019,36.250006,35.750033,35.875024,1283600,3.822335
1982-04-16,36.375001,36.625027,36.125011,36.500036,800800,3.888927
1982-04-15,36.625027,36.750022,36.375001,36.625027,911600,3.902245
1982-04-14,36.750022,37.250039,36.250006,37.000008,1004000,3.942197
1982-04-13,37.500025,37.625016,37.37503,37.37503,538800,3.982154
1982-04-12,37.625016,37.875006,37.250039,37.500025,902400,3.995472
1982-04-08,37.125004,37.750011,36.500036,37.750011,888800,4.022107
1982-04-07,36.625027,37.000008,36.250006,36.500036,811600,3.888927
1982-04-06,36.250006,36.625027,35.875024,36.375001,1200400,3.875605
1982-04-05,36.000019,36.250006,35.750033,36.250006,957200,3.862288
1982-04-02,35.500003,36.000019,34.875035,35.875024,748000,3.822335
1982-04-01,34.125032,34.875035,33.250034,34.625005,951600,3.689151
1982-03-31,33.37503,33.500023,33.124999,33.250034,1501600,3.542653
1982-03-30,33.500023,33.875002,33.124999,33.250034,856000,3.542653
1982-03-29,33.750011,34.000037,33.500023,33.875002,926800,3.609241
1982-03-26,34.000037,34.75,33.250034,33.750011,941600,3.595924
1982-03-25,35.250017,35.875024,34.500014,34.500014,764400,3.675833
1982-03-24,36.250006,36.750022,35.625038,36.000019,835600,3.835653
1982-03-23,36.750022,37.37503,36.000019,36.750022,1216000,3.915562
1982-03-22,35.875024,36.250006,35.500003,36.000019,976400,3.835653
1982-03-19,35.250017,35.625038,35.000026,35.500003,965200,3.782378
1982-03-18,35.125021,35.500003,34.75,35.500003,1005200,3.782378
1982-03-17,35.125021,35.625038,34.625005,34.625005,546000,3.689151
1982-03-16,36.125011,36.750022,35.375008,35.750033,1437200,3.809018
1982-03-15,35.875024,36.625027,35.125021,36.500036,854400,3.888927
1982-03-12,35.250017,35.750033,34.625005,35.500003,767200,3.782378
1982-03-11,35.000026,35.375008,34.500014,35.125021,2224800,3.742425
1982-03-10,33.875002,34.875035,32.875013,34.500014,1440400,3.675833
1982-03-09,33.124999,34.000037,32.12501,33.37503,2208000,3.555971
1982-03-08,33.37503,34.75,32.000017,32.250003,1152800,3.436104
1982-03-05,34.000037,34.500014,33.37503,34.000037,2268000,3.622563
1982-03-04,35.000026,35.875024,34.125032,35.000026,2104800,3.729108
1982-03-03,35.500003,36.000019,35.000026,35.250017,3205600,3.755743
1982-03-02,37.750011,38.75,36.750022,37.250039,1011200,3.968837
1982-03-01,38.375019,39.125022,37.500025,38.500014,1036800,4.102017
1982-02-26,39.000031,39.625038,38.250028,39.250017,188000,4.181926
1982-02-25,40.500036,41.250039,39.625038,39.625038,768400,4.221883
1982-02-24,39.875029,41.000009,38.75,40.875018,793600,4.355064
1982-02-23,39.375012,40.00002,38.625009,39.625038,1069200,4.179265
1982-02-22,39.750033,41.000009,38.500014,38.500014,1405600,4.060609
1982-02-19,40.500036,41.000009,40.00002,40.250006,670000,4.245181
1982-02-18,40.875018,41.250039,40.375001,40.500036,760800,4.271552
1982-02-17,41.125004,41.875007,40.375001,40.500036,572800,4.271552
1982-02-16,40.875018,41.750012,40.00002,41.125004,1457600,4.337467
1982-02-12,41.375034,41.625021,41.125004,41.500025,538400,4.377021
1982-02-11,41.125004,41.625021,40.625031,40.750023,956800,4.297918
1982-02-10,42.125037,42.62501,41.500025,41.625021,1030400,4.390204
1982-02-09,41.750012,42.375023,41.125004,41.625021,1539600,4.390204
1982-02-08,42.87504,44.000024,41.625021,41.875007,1559600,4.41657
1982-02-05,44.750027,45.50003,44.000024,44.875018,1256000,4.732983
1982-02-04,44.125015,45.125004,43.000031,44.625032,1930400,4.706616
1982-02-03,44.750027,45.875007,43.625043,43.875029,1662000,4.627513
1982-02-02,46.87504,47.500008,46.125037,46.125037,599200,4.864822
1982-02-01,48.000025,49.50003,46.500019,47.250022,667600,4.983475
1982-01-29,49.875012,50.500019,49.125009,50.375028,729200,5.31307
1982-01-28,48.750027,49.875012,47.500008,49.375035,375600,5.207601
1982-01-27,46.750005,47.750038,45.625021,47.250022,563200,4.983475
1982-01-26,47.125027,47.750038,46.375024,46.87504,516800,4.943925
1982-01-25,46.250033,46.750005,45.625021,46.750005,967200,4.930738
1982-01-22,46.250033,46.500019,45.875007,45.875007,737200,4.838452
1982-01-21,46.250033,46.500019,46.000002,46.125037,654000,4.864822
1982-01-20,46.87504,47.750038,45.875007,46.250033,832800,4.878006
1982-01-19,48.000025,48.500041,47.500008,47.625043,739200,5.023029
1982-01-18,48.12502,48.750027,47.375017,48.375006,464800,5.102127
1982-01-15,48.000025,48.625032,47.375017,48.375006,2562800,5.102127
1982-01-14,47.250022,47.875029,46.500019,47.750038,500800,5.036212
1982-01-13,47.000035,47.500008,46.375024,46.500019,817200,4.904372
1982-01-12,46.62501,47.250022,46.000002,46.62501,903200,4.917555
1982-01-11,47.625043,49.125009,46.000002,46.250033,1110400,4.878006
1982-01-08,49.250044,49.50003,48.875022,48.875022,685600,5.154864
1982-01-07,49.250044,49.750016,48.625032,49.250044,709200,5.194418
1982-01-06,49.250044,49.750016,48.625032,49.625025,1508800,5.233967
1982-01-05,51.125031,52.250015,49.875012,50.250033,930400,5.299887
1982-01-04,52.12502,52.750028,51.500012,52.500041,554800,5.537196
1981-12-31,52.437546,52.750028,52.12502,52.12502,558800,5.497643
1981-12-30,52.12502,53.250044,52.12502,52.625037,515200,5.550379
1981-12-29,53.125009,53.250044,51.875034,52.12502,402800,5.497643
1981-12-28,53.000018,53.500031,52.875023,53.125009,251600,5.603112
1981-12-24,52.750028,53.000018,52.250015,53.000018,225600,5.589929
1981-12-23,53.125009,53.625026,52.250015,52.750028,806000,5.563562
1981-12-22,55.00004,55.00004,53.000018,53.125009,617200,5.603112
1981-12-21,55.500013,55.875034,55.00004,55.250026,544800,5.827238
1981-12-18,54.875045,55.875034,54.875045,55.500013,370400,5.853604
1981-12-17,54.250037,55.00004,54.000007,54.75001,484800,5.774501
1981-12-16,55.375018,55.875034,53.750021,54.250037,481600,5.721769
1981-12-15,55.250026,55.750043,54.500024,55.375018,323600,5.840421
1981-12-14,56.500046,56.500046,55.00004,55.250026,764800,5.827238
1981-12-11,58.875045,58.875045,56.875023,57.250049,614800,6.038181
1981-12-10,59.875039,60.250016,59.000041,59.375022,1110400,6.262303
1981-12-09,58.75001,59.875039,58.75001,59.875039,795600,6.315039
1981-12-08,58.500024,59.000041,57.875016,58.625019,896400,6.1832
1981-12-07,59.375022,59.375022,58.125043,58.500024,928800,6.170016
1981-12-04,59.375022,60.250016,59.375022,59.500013,636800,6.275485
1981-12-03,57.625026,59.500013,57.625026,59.000041,688400,6.222753
1981-12-02,58.500024,58.625019,57.500035,57.625026,746000,6.07773
1981-12-01,58.625019,58.75001,57.875016,58.500024,934000,6.170016
1981-11-30,56.12502,58.75001,56.12502,58.625019,804800,6.1832
1981-11-27,54.875045,56.000029,54.75001,56.000029,520800,5.906341
1981-11-25,54.250037,55.625048,54.250037,54.875045,1146000,5.787689
1981-11-24,53.500031,53.500031,51.625047,53.250044,722800,5.616299
1981-11-23,51.625047,52.750028,51.500012,52.12502,687200,5.455455
1981-11-20,51.625047,51.875034,51.000036,51.625047,658000,5.403127
1981-11-19,51.375017,52.000025,51.125031,51.625047,735600,5.403127
1981-11-18,53.000018,53.375039,51.375017,51.375017,940400,5.376959
1981-11-17,52.250015,53.125009,52.12502,53.000018,440800,5.547033
1981-11-16,52.250015,52.250015,51.500012,52.250015,542400,5.468537
1981-11-13,54.125042,54.125042,52.000025,52.250015,776800,5.468537
1981-11-12,55.375018,55.875034,53.750021,54.250037,828800,5.677861
1981-11-11,55.875034,55.875034,55.00004,55.375018,355600,5.795603
1981-11-10,57.000018,58.000007,56.12502,56.12502,371200,5.874099
1981-11-09,56.250016,57.250049,56.250016,57.000018,208800,5.965677
1981-11-06,56.375011,56.500046,55.750043,56.12502,376000,5.874099
1981-11-05,58.875045,59.250027,56.000029,56.375011,516400,5.900263
1981-11-04,59.625048,59.875039,58.500024,58.875045,308800,6.161919
1981-11-03,59.375022,59.625048,58.500024,59.625048,616800,6.240415
1981-11-02,57.250049,59.500013,57.250049,59.375022,719600,6.214247
1981-10-30,55.250026,57.500035,55.125031,57.000018,526800,5.965677
1981-10-29,55.500013,55.625048,55.00004,55.250026,287600,5.782521
1981-10-28,55.750043,56.375011,55.00004,55.500013,429200,5.808685
1981-10-27,53.625026,56.500046,53.625026,55.750043,625600,5.834853
1981-10-26,52.875023,54.250037,52.500041,53.625026,342400,5.612447
1981-10-23,51.875034,52.875023,50.625014,52.875023,557200,5.533951
1981-10-22,52.875023,52.875023,51.125031,51.875034,466800,5.429291
1981-10-21,51.750039,54.250037,51.750039,53.000018,632800,5.547033
1981-10-20,50.375028,52.250015,50.375028,51.500012,829200,5.390041
1981-10-19,50.000047,50.000047,48.875022,49.750016,987600,5.206885
1981-10-16,51.500012,51.500012,49.750016,50.125042,482800,5.246135
1981-10-15,52.000025,52.500041,51.500012,51.500012,572800,5.390041
1981-10-14,54.000007,54.125042,51.625047,52.000025,697600,5.442373
1981-10-13,53.875012,54.75001,53.750021,54.000007,221600,5.651693
1981-10-12,53.625026,54.250037,53.125009,53.875012,258000,5.638611
1981-10-09,54.75001,54.875045,53.625026,53.625026,554000,5.612447
1981-10-08,53.875012,55.00004,52.750028,54.75001,884400,5.730189
1981-10-07,52.625037,54.125042,52.500041,53.875012,554400,5.638611
1981-10-06,52.250015,54.000007,52.000025,52.625037,766400,5.507787
1981-10-05,52.12502,53.375039,52.12502,52.250015,1644400,5.468537
1981-10-02,49.875012,51.375017,49.625025,51.250022,791200,5.363877
1981-10-01,48.250011,49.875012,47.125027,49.875012,744800,5.219967
1981-09-30,48.625032,48.750027,47.625043,48.250011,371600,5.049893
1981-09-29,49.000014,49.625025,48.375006,48.625032,654800,5.089143
1981-09-28,46.000002,49.000014,44.125015,49.000014,793200,5.128389
1981-09-25,47.500008,47.500008,46.000002,46.000002,717600,4.814405
1981-09-24,49.50003,50.500019,48.250011,48.250011,716800,5.049893
1981-09-23,49.750016,49.750016,48.250011,49.50003,654400,5.180721
1981-09-22,50.500019,51.000036,50.000047,50.250033,492800,5.259217
1981-09-21,50.000047,50.750006,49.125009,50.500019,755200,5.285381
1981-09-18,51.000036,51.000036,49.625025,50.000047,1165600,5.233053
1981-09-17,52.500041,53.500031,51.000036,51.000036,964400,5.337713
1981-09-16,53.625026,53.625026,51.250022,52.500041,889600,5.494705
1981-09-15,55.625048,55.750043,53.625026,53.625026,725200,5.612447
1981-09-14,56.12502,56.12502,55.00004,55.625048,498400,5.821771
1981-09-11,56.000029,56.375011,55.125031,56.12502,292800,5.874099
1981-09-10,55.125031,56.375011,55.125031,56.000029,660800,5.861017
1981-09-09,56.000029,56.000029,54.75001,55.00004,1083200,5.756357
1981-09-08,57.250049,57.500035,54.625015,56.000029,968400,5.861017
1981-09-04,58.125043,58.75001,56.625037,57.250049,651600,5.991845
1981-09-03,60.250016,60.375011,57.750021,58.125043,462000,6.083423
1981-09-02,59.875039,60.875028,59.875039,60.250016,276000,6.305825
1981-09-01,59.625048,59.875039,58.625019,59.750043,892800,6.253497
1981-08-31,60.750032,60.750032,59.375022,59.625048,634800,6.240415
1981-08-28,61.250049,61.875017,60.00003,60.250016,730000,6.274424
1981-08-27,63.125036,63.125036,60.00003,61.250049,833200,6.378568
1981-08-26,63.125036,63.875039,63.000041,63.375022,380800,6.599862
1981-08-25,63.500017,64.000034,62.000052,63.125036,1003200,6.573828
1981-08-24,66.000012,66.000012,63.500017,63.500017,582400,6.612879
1981-08-21,67.125036,67.125036,66.250042,66.250042,376800,6.899266
1981-08-20,66.125047,67.250032,66.125047,67.250032,503600,7.003405
1981-08-19,65.50004,66.375034,65.50004,66.000012,490000,6.873228
1981-08-18,67.000045,67.000045,65.000023,65.50004,408000,6.821161
1981-08-17,68.125026,68.125026,67.250032,67.250032,563600,7.003405
1981-08-14,69.75003,69.75003,68.000034,68.250025,371600,7.107544
1981-08-13,67.875043,70.500033,67.625053,69.75003,633600,7.263754
1981-08-12,68.750037,68.875028,67.750044,67.875043,378000,7.068493
1981-08-11,66.750015,68.750037,66.500029,68.750037,573200,7.159615
1981-08-10,66.375034,67.125036,66.000012,66.750015,288400,6.951333
1981-08-07,66.500029,66.625024,65.750026,66.375034,399600,6.912283
1981-08-06,66.500029,67.000045,66.375034,66.500029,623200,6.925299
1981-08-05,65.125014,66.87505,65.125014,66.500029,530000,6.925299
1981-08-04,65.250053,65.50004,64.25002,65.125014,368400,6.782106
1981-08-03,66.500029,66.500029,65.000023,65.250053,617200,6.795127
1981-07-31,66.375034,66.500029,66.000012,66.500029,610400,6.925299
1981-07-30,65.50004,66.500029,64.750037,66.375034,709200,6.912283
1981-07-29,65.375045,65.875017,65.125014,65.50004,300000,6.821161
1981-07-28,65.875017,65.875017,65.000023,65.375045,374800,6.808144
1981-07-27,64.875028,66.000012,64.875028,66.000012,597200,6.873228
1981-07-24,63.250031,64.750037,63.250031,64.500047,282400,6.717022
1981-07-23,64.25002,64.375011,62.62502,63.125036,254000,6.573828
1981-07-22,65.250053,67.000045,64.125025,64.25002,687200,6.690984
1981-07-21,64.125025,65.50004,64.000034,65.250053,690400,6.795127
1981-07-20,63.625053,64.125025,62.750015,64.125025,631600,6.677967
1981-07-17,62.62502,63.625053,62.62502,63.625053,630000,6.6259
1981-07-16,61.500035,62.375033,61.375044,62.125047,490800,6.46969
1981-07-15,61.250049,62.250038,61.000019,61.500035,546000,6.404601
1981-07-14,60.125025,61.250049,59.875039,61.250049,632000,6.378568
1981-07-13,60.750032,61.250049,60.00003,60.125025,268800,6.261408
1981-07-10,61.62503,61.62503,60.625041,60.750032,618000,6.326496
1981-07-09,60.125025,61.875017,60.125025,61.875017,926400,6.443652
1981-07-08,59.000041,60.500046,59.000041,60.125025,492000,6.261408
1981-07-07,57.500035,59.000041,57.500035,58.75001,399600,6.118214
1981-07-06,57.625026,57.750021,56.750032,57.250049,363200,5.962008
1981-07-02,59.000041,59.000041,57.500035,57.625026,535200,6.001059
1981-07-01,59.625048,59.625048,59.000041,59.125036,999200,6.157269
1981-06-30,59.250027,60.125025,59.125036,59.750043,311600,6.222357
1981-06-29,59.750043,60.375011,59.000041,59.250027,407200,6.170286
1981-06-26,60.750032,60.750032,59.625048,59.750043,596000,6.222357
1981-06-25,59.375022,61.500035,59.375022,60.750032,996800,6.326496
1981-06-24,59.250027,59.500013,59.000041,59.375022,638000,6.183303
1981-06-23,58.75001,59.500013,58.75001,59.250027,603200,6.170286
1981-06-22,59.250027,59.625048,58.375033,58.75001,741200,6.118214
1981-06-19,56.500046,59.250027,56.500046,59.250027,1092400,6.170286
1981-06-18,57.875016,57.875016,55.750043,56.000029,726000,5.831832
1981-06-17,53.875012,57.875016,53.875012,57.875016,1226800,6.027092
1981-06-16,55.250026,55.250026,53.750021,53.875012,890000,5.610533
1981-06-15,56.875023,57.250049,55.625048,55.750043,772000,5.805798
1981-06-12,57.000018,57.875016,56.750032,56.875023,679600,5.922953
1981-06-11,57.000018,57.750021,56.000029,57.000018,1001200,5.93597
1981-06-10,58.625019,59.500013,56.500046,57.000018,667200,5.93597
1981-06-09,59.000041,59.375022,58.500024,58.625019,378000,6.105198
1981-06-08,59.750043,59.875039,58.875045,59.000041,302000,6.144252
1981-06-05,57.500035,60.375011,57.500035,59.750043,1313600,6.222357
1981-06-04,55.875034,57.875016,55.625048,57.37504,1504800,5.975025
1981-06-03,56.12502,56.12502,54.500024,55.875034,1922400,5.818815
1981-06-02,58.75001,58.75001,55.625048,56.12502,1616000,5.844848
1981-06-01,61.000019,61.500035,58.75001,58.875045,955200,6.131235
1981-05-29,63.000041,63.625053,60.625041,61.000019,1028000,6.35253
1981-05-28,65.750026,65.750026,63.000041,63.000041,1575200,6.560811
1981-05-27,64.750037,66.000012,64.25002,65.875017,1278400,6.828967
1981-05-26,62.750015,64.750037,62.750015,64.750037,1016000,6.712345
1981-05-22,62.87505,63.250031,61.875017,62.62502,449200,6.492054
1981-05-21,62.500028,63.125036,62.500028,62.87505,630800,6.517974
1981-05-20,62.500028,62.500028,61.62503,62.500028,607600,6.479097
1981-05-19,62.87505,63.375022,62.125047,62.500028,1713600,6.479097
1981-05-18,62.87505,63.875039,62.750015,62.87505,676000,6.517974
1981-05-15,62.62502,63.000041,62.62502,62.87505,480800,6.517974
1981-05-14,63.000041,63.125036,62.000052,62.250038,715600,6.453182
1981-05-13,63.875039,64.125025,63.000041,63.000041,466000,6.530931
1981-05-12,62.62502,63.875039,62.62502,63.875039,470000,6.621638
1981-05-11,65.375045,65.375045,62.62502,62.62502,705200,6.492054
1981-05-08,66.000012,67.000045,64.875028,65.375045,829200,6.777137
1981-05-07,65.375045,66.250042,64.875028,66.000012,746800,6.841925
1981-05-06,64.750037,65.875017,64.500047,65.375045,894400,6.777137
1981-05-05,65.625031,65.625031,64.000034,64.750037,1071200,6.712345
1981-05-04,65.875017,65.875017,65.250053,65.625031,373200,6.803052
1981-05-01,65.875017,66.500029,65.875017,66.250042,1040000,6.867844
1981-04-30,64.750037,66.000012,64.750037,65.250053,1018800,6.76418
1981-04-29,63.625053,64.875028,63.250031,64.750037,629200,6.712345
1981-04-28,65.875017,65.875017,62.750015,63.625053,1326400,6.595723
1981-04-27,64.875028,66.000012,64.875028,66.000012,770000,6.841925
1981-04-24,62.750015,65.50004,62.250038,64.750037,1301200,6.712345
1981-04-23,64.875028,65.250053,61.750022,62.750015,1374800,6.505012
1981-04-22,66.000012,66.000012,64.125025,64.875028,865600,6.725303
1981-04-21,68.000034,68.125026,65.750026,66.000012,1246400,6.841925
1981-04-20,68.750037,68.750037,67.625053,68.000034,809200,7.049258
1981-04-16,68.750037,68.875028,68.250025,68.750037,761600,7.127007
1981-04-15,67.875043,68.750037,67.750044,68.750037,1186000,7.127007
1981-04-14,69.75003,69.75003,67.750044,67.875043,1250400,7.036301
1981-04-13,71.87504,71.87504,70.125052,70.250043,818800,7.282506
1981-04-10,73.125023,73.375045,71.250036,71.87504,583600,7.450962
1981-04-09,73.375045,73.750027,72.250021,73.125023,1050400,7.580543
1981-04-08,73.625036,73.750027,73.125023,73.375045,303200,7.606461
1981-04-07,73.250054,73.875026,73.125023,73.625036,308800,7.632377
1981-04-06,74.375038,74.500029,73.250054,73.250054,320000,7.593504
1981-04-03,74.625029,74.875059,74.250047,74.375038,235200,7.710126
1981-04-02,75.500023,75.500023,74.250047,74.625029,438800,7.736041
1981-04-01,76.000035,76.000035,75.00005,75.500023,870800,7.826748
1981-03-31,75.250032,77.000028,75.250032,76.000035,973600,7.878582
1981-03-30,75.375031,76.875037,75.250032,75.250032,287600,7.800833
1981-03-27,75.00005,76.750038,74.75002,75.375031,519600,7.813791
1981-03-26,75.375031,75.375031,74.000017,75.00005,575200,7.774918
1981-03-25,73.000024,75.500023,72.875033,75.500023,613200,7.826748
1981-03-24,73.000024,74.250047,73.000024,73.000024,830800,7.567584
1981-03-23,69.50004,72.500051,69.50004,72.500051,784800,7.515755
1981-03-20,70.000053,70.875055,69.000027,69.50004,1666400,7.204757
1981-03-19,72.250021,72.500051,69.75003,70.000053,925600,7.256591
1981-03-18,74.375038,74.375038,72.000039,72.250021,536400,7.489835
1981-03-17,75.125041,75.375031,73.125023,74.375038,667600,7.710126
1981-03-16,74.125048,75.375031,73.875026,75.125041,418800,7.787875
1981-03-13,76.750038,77.000028,74.000017,74.125048,700000,7.684211
1981-03-12,73.125023,76.750038,73.000024,76.750038,707600,7.956332
1981-03-11,73.750027,74.000017,72.875033,73.125023,640400,7.580543
1981-03-10,73.750027,75.625062,73.750027,73.750027,1027200,7.645334
1981-03-09,73.000024,74.375038,73.000024,73.750027,388400,7.645334
1981-03-06,73.750027,73.750027,72.250021,72.750042,529200,7.54167
1981-03-05,75.875044,75.875044,74.000017,74.125048,446000,7.684211
1981-03-04,75.750053,76.000035,75.00005,76.000035,318800,7.878582
1981-03-03,77.37505,77.37505,74.500029,75.750053,960800,7.852668
1981-03-02,76.250025,78.250044,75.625062,77.500041,1157200,8.034081
1981-02-27,75.250032,76.250025,75.00005,76.250025,531200,7.904497
1981-02-26,74.000017,75.250032,73.000024,75.250032,642400,7.800833
1981-02-25,74.000017,74.000017,71.500018,74.000017,648800,7.671249
1981-02-24,72.250021,72.500051,71.625057,72.250021,347200,7.458734
1981-02-23,71.500018,72.500051,71.500018,72.250021,414400,7.458734
1981-02-20,70.375034,71.250036,70.250043,71.250036,794400,7.3555
1981-02-19,72.625042,72.875033,70.000053,70.375034,625600,7.265169
1981-02-18,72.750042,72.750042,72.000039,72.625042,444000,7.497449
1981-02-17,72.000039,73.500044,72.000039,73.000024,620000,7.53616
1981-02-13,71.250036,72.750042,71.125037,72.000039,460800,7.432927
1981-02-12,73.000024,73.000024,71.125037,71.250036,607600,7.3555
1981-02-11,74.125048,74.125048,72.875033,73.000024,375600,7.53616
1981-02-10,74.000017,74.75002,73.250054,74.125048,499600,7.652302
1981-02-09,75.625062,75.875044,73.250054,74.000017,410400,7.639395
1981-02-06,74.000017,76.375017,74.000017,75.625062,545600,7.807156
1981-02-05,73.500044,74.875059,73.125023,74.000017,506000,7.639395
1981-02-04,74.000017,74.000017,72.500051,73.500044,556400,7.58778
1981-02-03,70.500033,74.000017,70.500033,74.000017,763600,7.639395
1981-02-02,73.250054,73.250054,69.50004,70.375034,919600,7.265169
1981-01-30,74.375038,75.00005,73.375045,73.500044,744000,7.58778
1981-01-29,73.750027,76.500056,73.250054,74.375038,850800,7.67811
1981-01-28,74.125048,74.75002,73.500044,73.750027,506800,7.613587
1981-01-27,75.00005,75.250032,73.500044,74.125048,650400,7.652302
1981-01-26,76.250025,76.875037,73.250054,75.00005,589600,7.742633
1981-01-23,76.375017,76.875037,76.000035,76.250025,270800,7.871674
1981-01-22,76.250025,77.875022,75.875044,76.375017,346400,7.884578
1981-01-21,76.250025,76.750038,75.250032,76.250025,652800,7.871674
1981-01-20,78.375043,79.500027,76.125034,76.250025,498400,7.871674
1981-01-19,80.25003,80.375021,78.000021,78.375043,481600,8.091051
1981-01-16,80.375021,80.50006,79.000054,80.25003,610800,8.284615
1981-01-15,78.500034,80.375021,78.250044,80.375021,611600,8.297518
1981-01-14,77.750031,79.750057,77.62504,78.500034,466000,8.103954
1981-01-13,76.250025,78.250044,75.750053,77.750031,676000,8.026528
1981-01-12,75.875044,77.62504,75.875044,76.250025,751600,7.871674
1981-01-09,76.250025,77.250059,75.00005,75.875044,1056000,7.832963
1981-01-08,79.250037,79.875048,75.500023,76.250025,1093600,7.871674
1981-01-07,79.875048,79.875048,75.500023,79.250037,1582400,8.181381
1981-01-06,84.250026,84.500056,80.25003,82.87506,955200,8.55561
1981-01-05,83.250041,84.500056,83.250041,84.250026,836400,8.697555
1981-01-02,83.500023,84.250026,81.000033,82.375047,279200,8.503991
1980-12-31,83.500023,84.500056,83.000051,83.500023,394800,8.620128
1980-12-30,83.375032,84.750047,83.12505,83.500023,215200,8.620128
1980-12-29,85.000029,86.000062,83.000051,83.375032,269600,8.607225
1980-12-26,83.625062,85.000029,82.250048,85.000029,129200,8.774981
1980-12-24,165.750119,167.250125,164.625095,167.250125,192000,8.633037
1980-12-23,167.750106,168.750051,165.000077,165.750119,596000,8.55561
1980-12-22,168.000088,169.375094,166.500082,167.750106,596000,8.658844
1980-12-19,163.375072,168.500052,163.375072,168.000088,662800,8.671748
1980-12-18,163.00009,166.000102,163.00009,163.00009,691600,8.41366
1980-12-17,157.000068,162.375047,157.000068,162.000065,613600,8.362042
1980-12-16,154.000056,155.500062,152.500051,155.500062,521200,8.026528
1980-12-15,153.750074,156.000043,153.750074,154.000056,515200,7.949101
1980-12-12,150.0001,153.000111,149.750118,152.500051,629200,7.871674
1980-12-11,151.250123,151.250123,149.000059,150.0001,1669600,7.742633
1980-12-10,151.750088,156.125122,151.375107,152.125069,751200,7.852319
1980-12-09,154.375038,155.875044,151.500106,151.750088,865200,7.832963
1980-12-08,159.87508,159.87508,153.250094,154.375038,774800,7.968457
1980-12-05,163.00009,163.00009,156.000043,159.87508,797200,8.252355
1980-12-04,165.250059,167.375124,165.000077,166.125101,298000,8.574966
1980-12-03,163.375072,166.000102,163.00009,165.250059,528000,8.529798
1980-12-02,165.000077,165.000077,160.000079,163.375072,676400,8.433016
1980-12-01,168.375069,168.625051,164.250114,165.000077,373200,8.516895
1980-11-28,168.25007,169.875075,168.25007,168.375069,254000,8.691103
1980-11-26,167.500107,169.500093,167.500107,168.25007,514400,8.684651
1980-11-25,165.500041,167.750106,165.375058,167.000047,554000,8.620128
1980-11-24,164.000131,166.000102,164.000131,165.500041,558000,8.542702
1980-11-21,171.000099,172.875086,166.500082,166.500082,1309200,8.578835
1980-11-20,161.500085,172.000124,160.750042,171.000099,754400,8.810696
1980-11-19,161.125103,163.500071,161.125103,161.500085,633600,8.321212
1980-11-18,159.500115,162.000065,159.500115,160.875121,650400,8.289011
1980-11-17,158.500073,160.000079,155.25008,158.000109,683200,8.140878
1980-11-14,156.375104,162.500126,155.875044,158.500073,1393200,8.166638
1980-11-13,154.000056,157.000068,153.500076,156.375104,911600,8.05715
1980-11-12,150.0001,154.375038,150.0001,154.000056,838400,7.934777
1980-11-11,146.250046,149.50004,146.250046,148.875076,826800,7.670715
1980-11-10,142.000091,144.75004,142.000091,144.375059,296000,7.438854
1980-11-07,141.000066,142.500072,140.375087,141.250049,659600,7.277839
1980-11-06,144.75004,144.75004,140.500086,141.000066,640400,7.264959
1980-11-05,141.500031,150.500065,141.500031,146.000048,1304400,7.522581
1980-11-03,136.000069,142.000091,136.000069,141.500031,616800,7.290719
1980-10-31,131.750034,134.500063,131.750034,134.500063,875200,6.930049
1980-10-30,137.625074,138.5001,130.000046,131.500052,1149200,6.775475
1980-10-29,139.375061,140.875067,137.625074,137.625074,356400,7.091064
1980-10-28,138.250037,139.625044,138.125038,139.375061,542000,7.181231
1980-10-27,142.250074,142.250074,137.250092,138.250037,672000,7.123265
1980-10-24,145.125102,145.125102,143.625096,144.000078,439600,7.419533
1980-10-23,149.875101,149.875101,146.000048,146.375029,590000,7.541901
1980-10-22,148.500094,149.875101,147.750052,149.875101,282000,7.722241
1980-10-21,147.875035,149.250057,147.875035,148.500094,468400,7.651394
1980-10-20,144.125061,147.125072,143.500097,147.125072,251600,7.580547
1980-10-17,145.750065,145.750065,143.250115,144.125061,503600,7.425973
1980-10-16,146.625107,150.0001,146.625107,147.250071,602400,7.586987
1980-10-15,144.25006,146.625107,143.500097,146.625107,507600,7.554786
1980-10-14,144.000078,146.750091,144.000078,144.25006,1108000,7.432413
1980-10-13,138.000055,143.000036,137.750057,142.500072,612400,7.342246
1980-10-10,136.250051,138.750098,135.87507,138.000055,583200,7.110385
1980-10-09,135.625087,136.750032,135.250106,136.250051,678000,7.020217
1980-10-08,134.875045,136.37505,134.875045,135.625087,574800,6.988016
1980-10-07,137.125093,137.625074,134.125082,134.625062,512800,6.93649
1980-10-06,136.125068,137.500074,136.125068,137.125093,795600,7.065303
1980-10-03,135.500088,136.750032,135.500088,135.87507,567200,7.000896
1980-10-02,135.000044,135.87507,133.375039,134.250073,575600,6.917169
1980-10-01,131.250062,135.000044,129.625065,135.000044,1058400,6.955811
1980-09-30,127.625087,131.625043,127.625087,131.250062,574800,6.762595
1980-09-29,128.125059,128.750023,127.375096,127.500087,696400,6.569379
1980-09-26,129.250083,129.250083,128.000068,128.125059,842800,6.601581
1980-09-25,130.000046,131.375061,129.000093,129.250083,355600,6.659547
1980-09-24,130.500107,132.000024,129.750056,130.000046,852800,6.698188
1980-09-23,134.625062,134.625062,130.500107,130.500107,528800,6.723954
1980-09-22,135.000044,135.500088,133.50003,134.750045,432000,6.94293
1980-09-19,133.625109,137.000094,133.125049,135.000044,633600,6.955811
1980-09-18,136.750032,137.500074,133.250048,133.625109,674000,6.884968
1980-09-17,133.000057,139.250062,130.500107,136.750032,881200,7.045978
1980-09-16,131.750034,134.500063,131.750034,133.000057,458000,6.852762
1980-09-15,129.125092,131.875033,128.125059,131.000079,406000,6.749715
1980-09-12,129.000093,130.250028,128.750023,129.125092,571600,6.653107
1980-09-11,125.250039,129.875055,125.250039,129.000093,905600,6.646666
1980-09-10,122.500098,124.875058,122.500098,124.500076,474800,6.414805
1980-09-09,120.375041,121.875046,118.750044,121.875046,416000,6.279552
1980-09-08,124.500076,124.875058,120.375041,120.375041,378400,6.202265
1980-09-05,123.875024,124.500076,122.875079,124.500076,182800,6.414805
1980-09-04,124.375085,125.875091,123.625042,123.875024,497600,6.3826
1980-09-03,122.000037,124.375085,122.000037,124.375085,532000,6.408365
1980-09-02,118.125072,121.000092,117.500021,120.875101,266800,6.22803
1980-08-29,117.750091,119.500087,117.750091,118.125072,121600,6.086336
1980-08-28,123.250061,123.250061,118.500054,119.250096,415200,6.118542
1980-08-27,124.250094,124.250094,123.000071,123.250061,410400,6.323774
1980-08-26,123.875024,125.250039,123.500043,124.625075,263200,6.394324
1980-08-25,124.500076,124.500076,123.500043,123.875024,209600,6.35584
1980-08-22,122.750088,134.625062,122.750088,124.500076,437200,6.38791
1980-08-21,120.125058,123.000071,120.125058,122.000037,528800,6.259637
1980-08-20,120.000059,120.500032,119.500087,119.875068,611600,6.150608
1980-08-19,120.25005,121.000092,119.375096,120.000059,810000,6.157021
1980-08-18,124.375085,124.750066,120.25005,120.25005,386000,6.169848
1980-08-15,124.000104,125.7501,123.500043,124.375085,415200,6.381497
1980-08-14,120.625031,124.875058,119.000026,124.000104,884400,6.362258
1980-08-13,120.875101,121.875046,120.25005,120.625031,302000,6.189088
1980-08-12,122.750088,123.875024,120.500032,120.875101,535200,6.201918
1980-08-11,119.875068,123.000071,119.250096,122.750088,1162400,6.298121
1980-08-08,119.000026,120.500032,119.000026,119.875068,1304400,6.150608
1980-08-07,115.750033,117.6251,115.125061,117.6251,1057600,6.035166
1980-08-06,115.625033,116.250085,114.500097,115.750033,364800,5.938959
1980-08-05,115.500042,117.6251,115.500042,115.625033,581600,5.932545
1980-08-04,115.250052,115.500042,114.500097,115.125061,512800,5.906893
1980-08-01,117.250038,117.250038,112.000059,115.250052,746800,5.913306
1980-07-31,119.000026,119.000026,114.500097,117.250038,923200,6.015922
1980-07-30,120.625031,120.625031,119.500087,119.500087,742000,6.131369
1980-07-29,119.875068,121.500065,119.250096,120.625031,776400,6.189088
1980-07-28,117.500021,119.875068,117.000048,119.875068,238400,6.150608
1980-07-25,118.250071,118.375063,117.125039,117.500021,344000,6.028748
1980-07-24,116.750066,118.500054,116.375084,118.250071,940000,6.067232
1980-07-23,115.750033,117.250038,115.500042,116.750066,499200,5.990269
1980-07-22,116.500075,117.375029,115.375051,115.750033,548000,5.938959
1980-07-21,117.250038,117.750091,115.625033,116.500075,599200,5.977442
1980-07-18,116.500075,118.000081,116.500075,117.250038,722400,6.015922
1980-07-17,112.500031,116.250085,112.500031,116.000015,604400,5.951785
1980-07-16,112.37504,113.375073,111.625077,112.500031,334800,5.772206
1980-07-15,112.37504,113.750046,112.37504,112.37504,869600,5.765793
1980-07-14,110.625044,112.875093,110.625044,112.250041,665600,5.75938
1980-07-11,109.375029,111.000025,109.375029,110.500053,473200,5.66959
1980-07-10,111.750068,111.750068,109.000047,109.125038,771200,5.59904
1980-07-09,112.750021,112.750021,111.375087,111.750068,897200,5.733727
1980-07-08,113.500064,114.250027,112.500031,113.000092,632000,5.797864
1980-07-07,112.625022,114.000037,112.500031,113.500064,914000,5.823516
1980-07-03,112.12505,113.250074,111.750068,112.625022,581600,5.778619
1980-07-02,111.125017,112.625022,111.125017,112.12505,526800,5.752967
1980-07-01,109.75009,111.750068,109.75009,111.125017,585600,5.701656
1980-06-30,113.625055,113.625055,109.50002,109.50002,758000,5.61828
1980-06-27,114.625088,114.875079,113.500064,113.875046,501600,5.842756
1980-06-26,116.750066,116.750066,114.625088,114.625088,798000,5.88124
1980-06-25,111.500086,116.750066,111.500086,116.750066,1041600,5.990269
1980-06-24,109.75009,111.500086,109.75009,111.500086,768000,5.720901
1980-06-23,109.75009,110.125071,109.375029,109.75009,507600,5.631111
1980-06-20,110.250063,110.250063,109.000047,109.75009,1087600,5.631111
1980-06-19,111.625077,111.625077,110.250063,110.250063,566400,5.656764
1980-06-18,112.12505,112.625022,111.000025,111.625077,1056800,5.727314
1980-06-17,111.500086,113.000092,111.500086,112.12505,755200,5.752967
1980-06-16,109.50002,110.750035,109.50002,110.750035,725200,5.682417
1980-06-13,109.250029,109.875081,108.125093,108.500075,457200,5.566975
1980-06-12,111.500086,112.37504,108.000014,109.250029,1274000,5.605454
1980-06-11,109.375029,112.37504,109.375029,111.500086,820800,5.720901
1980-06-10,107.250051,109.75009,107.12506,108.750057,864400,5.579801
1980-06-09,106.750079,108.250084,106.125027,107.250051,616000,5.502838
1980-06-06,106.500089,107.875023,105.500055,106.750079,596000,5.477185
1980-06-05,106.125027,108.000014,106.125027,106.500089,616800,5.464358
1980-06-04,102.875026,106.250018,102.750034,106.000036,1146400,5.438701
1980-06-03,102.000072,103.625068,101.87508,102.875026,443200,5.278362
1980-06-02,102.000072,102.750034,102.000072,102.000072,293600,5.233469
1980-05-30,102.250062,102.375053,100.250084,101.87508,580000,5.227056
1980-05-29,101.750089,105.625055,101.750089,102.250062,1431200,5.246296
1980-05-28,102.375053,105.750046,102.375053,105.250073,575600,5.374569
1980-05-27,101.87508,103.000025,101.62509,102.375053,630400,5.227757
1980-05-23,101.750089,102.500044,101.750089,101.87508,1200400,5.202226
1980-05-22,99.750023,101.87508,99.750023,101.000038,1024000,5.157542
1980-05-21,98.000027,99.500033,97.750045,99.250051,356400,5.068179
1980-05-20,98.500088,99.00006,98.000027,98.000027,436400,5.004347
1980-05-19,98.875069,99.750023,98.375009,98.500088,239200,5.029882
1980-05-16,98.75007,99.00006,97.500055,98.875069,461600,5.049031
1980-05-15,99.00006,99.250051,98.500088,98.75007,554800,5.042648
1980-05-14,98.875069,99.750023,98.875069,99.00006,516000,5.055413
1980-05-13,97.750045,98.500088,96.875091,98.000027,397600,5.004347
1980-05-12,98.125018,98.250017,96.750012,97.750045,439600,4.991582
1980-05-09,98.625079,99.00006,97.750045,98.125018,552000,5.01073
1980-05-08,100.000093,100.250084,98.125018,98.625079,653600,5.036265
1980-05-07,99.750023,101.000038,99.375042,100.000093,732800,5.10648
1980-05-06,98.75007,100.500066,98.75007,99.750023,855200,5.09371
1980-05-05,98.000027,98.375009,97.500055,98.125018,412000,5.01073
1980-05-02,98.75007,98.75007,98.000027,98.000027,191200,5.004347
1980-05-01,98.625079,99.750023,98.500088,98.75007,538000,5.042648
1980-04-30,97.750045,98.625079,97.375064,98.625079,262400,5.036265
1980-04-29,97.875036,98.75007,97.500055,97.750045,388400,4.991582
1980-04-28,95.625068,98.500088,95.625068,97.875036,717600,4.997964
1980-04-25,92.500065,94.750034,92.000005,94.750034,515200,4.838387
1980-04-24,92.875047,93.50001,92.250075,92.500065,1056800,4.723493
1980-04-23,91.875013,93.000038,91.250042,92.875047,1124000,4.742641
1980-04-22,90.000026,91.875013,90.000026,91.875013,1850800,4.691575
1980-04-21,91.500032,91.500032,88.500021,89.250064,810000,4.557532
1980-04-18,93.50001,93.50001,91.750014,91.875013,596800,4.691575
1980-04-17,94.000071,94.375052,93.25002,93.750081,339600,4.787325
1980-04-16,95.250086,96.750012,93.750081,94.000071,395200,4.80009
1980-04-15,95.375077,96.250039,95.250086,95.250086,209600,4.863922
1980-04-14,96.12504,96.250039,95.125007,95.375077,381600,4.870305
1980-04-11,95.625068,96.750012,95.625068,96.12504,398400,4.908601
1980-04-10,93.750081,95.750059,93.750081,95.500076,798000,4.876688
1980-04-09,92.750047,93.750081,92.500065,93.625089,679600,4.780942
1980-04-08,91.500032,93.000038,91.00006,92.750047,304400,4.736258
1980-04-07,92.375066,92.500065,91.500032,91.500032,925600,4.672426
1980-04-03,91.750014,92.500065,91.750014,92.375066,691600,4.71711
1980-04-02,90.375008,92.875047,90.375008,91.750014,877200,4.685192
1980-04-01,90.87506,91.375041,89.625045,90.375008,628400,4.614977
1980-03-31,90.500079,91.375041,90.250009,90.87506,835200,4.640512
1980-03-28,89.000073,91.00006,88.125039,90.500079,1045600,4.621364
1980-03-27,89.750036,89.750036,85.000029,89.000073,1594800,4.544767
1980-03-26,90.250009,91.625023,90.250009,90.375008,397600,4.614977
1980-03-25,87.875049,91.375041,87.000015,89.875027,1456400,4.589446
1980-03-24,92.250075,92.250075,87.125006,87.875049,567200,4.487318
1980-03-21,92.500065,92.500065,91.00006,92.500065,473200,4.723493
1980-03-20,93.875072,94.750034,92.750047,92.875047,557200,4.742641
1980-03-19,94.500043,95.500076,93.25002,93.875072,925600,4.793707
1980-03-18,95.000016,95.250086,92.500065,94.500043,1087600,4.825621
1980-03-17,96.37503,96.750012,95.000016,95.000016,925600,4.851152
1980-03-14,96.625013,96.625013,95.000016,96.37503,508400,4.921367
1980-03-13,98.000027,98.500088,97.000082,97.000082,766400,4.953285
1980-03-12,101.000038,102.000072,97.000082,98.000027,1207600,5.004347
1980-03-11,99.250051,101.250029,99.250051,101.000038,619200,5.157542
1980-03-10,99.500033,99.750023,98.375009,98.875069,479200,5.049031
1980-03-07,100.000093,101.750089,98.75007,99.500033,810000,5.080944
1980-03-06,102.750034,102.750034,99.00006,100.000093,541200,5.10648
1980-03-05,102.750034,103.500077,102.125063,102.750034,1112000,5.246905
1980-03-04,102.750034,102.875026,101.000038,102.750034,889600,5.246905
1980-03-03,104.00005,104.375031,102.750034,102.750034,972000,5.246905
1980-02-29,101.500011,104.00005,101.000038,104.00005,1086800,5.310737
1980-02-28,101.250029,102.875026,100.750056,101.500011,734400,5.183073
1980-02-27,101.250029,105.250073,101.250029,101.250029,1111200,5.170308
1980-02-26,103.000025,105.375064,102.750034,105.000083,1002000,5.336272
1980-02-25,105.125082,105.375064,103.000025,103.000025,704800,5.234626
1980-02-22,103.875059,105.750046,102.125063,105.125082,1270800,5.342625
1980-02-21,105.000083,106.000036,102.500044,103.875059,1435200,5.279097
1980-02-20,102.000072,105.000083,102.000072,105.000083,784800,5.336272
1980-02-19,103.125016,103.125016,100.250084,102.000072,776400,5.183807
1980-02-15,105.875037,105.875037,102.750034,103.500077,758800,5.260039
1980-02-14,107.375042,108.500075,105.625055,106.000036,670400,5.387091
1980-02-13,107.375042,109.375029,106.500089,107.375042,873600,5.456971
1980-02-12,106.000036,107.500042,105.000083,107.375042,580000,5.456971
1980-02-11,108.000014,109.000047,105.750046,106.000036,1331200,5.387091
1980-02-08,102.250062,108.000014,102.250062,108.000014,1292400,5.488733
1980-02-07,104.25004,104.750013,101.125038,102.000072,1160800,5.183807
1980-02-06,100.125085,104.25004,100.125085,104.25004,762000,5.298154
1980-02-05,99.750023,100.000093,98.875069,99.625032,464000,5.063103
1980-02-04,100.000093,101.000038,99.750023,99.750023,868800,5.069456
1980-02-01,97.500055,100.000093,96.12504,100.000093,1112800,5.082165
1980-01-31,98.000027,100.250084,97.500055,97.500055,716800,4.955109
1980-01-30,95.500076,98.000027,95.250086,98.000027,318800,4.980518
1980-01-29,95.000016,96.37503,95.000016,95.500076,703200,4.853467
1980-01-28,93.625089,95.500076,93.625089,95.000016,918800,4.828053
1980-01-25,93.750081,93.750081,92.750047,93.625089,473200,4.758177
1980-01-24,94.000071,95.000016,93.750081,95.000016,608400,4.828053
1980-01-23,92.125084,94.250053,91.875013,94.000071,519600,4.777234
1980-01-22,93.000038,93.000038,92.000005,92.125084,548800,4.681944
1980-01-21,89.750036,93.50001,89.750036,93.000038,822400,4.726411
1980-01-18,88.750003,90.000026,88.500021,89.250064,620800,4.535831
1980-01-17,89.500054,89.875027,88.750003,88.750003,497600,4.510417
1980-01-16,89.000073,90.125018,89.000073,89.500054,1108800,4.548536
1980-01-15,88.625012,89.375055,88.500021,89.000073,328000,4.523126
1980-01-14,88.500021,89.000073,88.375022,88.625012,305200,4.504065
1980-01-11,89.000073,89.375055,88.250031,88.500021,558000,4.497713
1980-01-10,87.500068,89.750036,87.000015,89.000073,909600,4.523126
1980-01-09,86.000062,89.000073,85.50001,87.500068,1527600,4.446893
1980-01-08,83.500023,86.000062,83.500023,86.000062,1204400,4.370661
1980-01-07,83.750014,83.875005,82.750069,83.12505,675600,4.224548
1980-01-04,82.500078,83.750014,82.500078,83.750014,548800,4.25631
1980-01-03,83.000051,83.000051,82.000018,82.250008,1096000,4.180077
1980-01-02,84.750047,84.750047,83.000051,83.12505,752000,4.224548
1979-12-31,84.625056,85.000029,84.500056,85.000029,189600,4.319837
1979-12-28,84.375065,84.750047,84.375065,84.625056,596800,4.300781
1979-12-27,83.250041,84.000084,83.000051,84.000084,343200,4.269019
1979-12-26,82.374999,83.250041,82.374999,83.250041,224800,4.2309
1979-12-24,82.125017,82.750069,82.000018,82.374999,74400,4.186429
1979-12-21,82.750069,82.87506,82.125017,82.125017,548800,4.173725
1979-12-20,82.125017,82.87506,82.125017,82.750069,448000,4.205491
1979-12-19,81.500045,82.125017,81.000073,82.125017,565600,4.173725
1979-12-18,81.875027,81.875027,81.250063,81.500045,877200,4.141963
1979-12-17,81.625036,82.250008,81.500045,82.000018,312800,4.167372
1979-12-14,80.625011,82.250008,80.625011,81.625036,1150800,4.148315
1979-12-13,78.750024,80.00004,78.750024,80.00004,890400,4.06573
1979-12-12,79.375076,79.375076,78.625025,78.750024,617600,4.002202
1979-12-11,79.625058,80.125031,79.375076,79.375076,482400,4.033968
1979-12-10,80.125031,80.375021,79.375076,79.625058,313600,4.046673
1979-12-07,81.625036,82.250008,80.00004,80.125031,623600,4.072082
1979-12-06,80.500012,81.750035,79.875048,81.625036,322800,4.148315
1979-12-05,80.25003,81.000073,80.25003,80.500012,482400,4.091139
1979-12-04,78.750024,80.125031,78.750024,79.625058,440400,4.046673
1979-12-03,79.125006,79.750057,78.250044,78.500034,197200,3.989497
1979-11-30,80.125031,80.125031,79.125006,79.125006,208800,4.021259
1979-11-29,80.00004,80.625011,80.00004,80.375021,301200,4.084787
1979-11-28,78.625025,80.125031,78.500034,79.750057,696400,4.053025
1979-11-27,80.625011,80.875082,79.375076,79.750057,395200,4.027616
1979-11-26,79.250077,80.625011,79.250077,80.625011,678000,4.071804
1979-11-23,77.87507,79.000006,77.000028,79.000006,745200,3.989736
1979-11-21,78.000061,78.000061,76.500056,77.87507,1258000,3.932924
1979-11-20,80.00004,80.375021,78.000061,78.125052,622000,3.945548
1979-11-19,79.125006,80.500012,78.875015,80.00004,344800,4.040241
1979-11-16,79.000006,80.00004,78.000061,79.125006,296000,3.996049
1979-11-15,78.500034,79.375076,78.250044,79.000006,464800,3.989736
1979-11-14,76.875037,79.000006,75.999995,78.500034,646000,3.964486
1979-11-13,77.500001,78.000061,76.750038,76.875037,457200,3.882419
1979-11-12,75.999995,77.500001,75.500023,77.500001,700800,3.913981
1979-11-09,75.125041,76.500056,75.125041,75.999995,472400,3.838227
1979-11-08,72.625002,75.00005,72.625002,74.250007,667200,3.749847
1979-11-07,73.250054,73.250054,71.750049,72.625002,426400,3.66778
1979-11-06,74.250007,74.250007,73.250054,73.250054,414400,3.699346
1979-11-05,77.000028,77.000028,75.125041,75.125041,378400,3.794039
1979-11-02,76.500056,77.125019,76.500056,77.125019,314400,3.895044
1979-11-01,75.625014,76.250065,74.75006,76.250065,371600,3.850856
1979-10-31,76.375065,76.750038,75.500023,75.625014,206400,3.819289
1979-10-30,75.250032,76.375065,75.125041,76.375065,260000,3.857169
1979-10-29,74.75006,75.999995,74.75006,75.250032,293600,3.800351
1979-10-26,74.374998,75.00005,74.374998,74.75006,403600,3.775101
1979-10-25,75.125041,75.250032,74.250007,74.374998,420400,3.75616
1979-10-24,74.75006,75.375031,74.500078,75.125041,448000,3.794039
1979-10-23,74.75006,75.500023,74.500078,74.75006,692400,3.775101
1979-10-22,74.625069,74.75006,73.625036,74.75006,326400,3.775101
1979-10-19,74.625069,74.625069,73.625036,74.625069,1154000,3.768789
1979-10-18,75.125041,75.375031,74.625069,74.75006,264400,3.775101
1979-10-17,75.375031,75.625014,75.00005,75.125041,688000,3.794039
1979-10-16,75.125041,75.500023,74.625069,75.375031,908800,3.806664
1979-10-15,75.875004,75.875004,74.875059,75.125041,945200,3.794039
1979-10-12,77.750071,77.750071,75.750013,75.999995,493200,3.838227
1979-10-11,77.000028,78.000061,75.750013,78.000061,604400,3.939236
1979-10-10,77.000028,77.000028,73.250054,77.000028,2456000,3.888731
1979-10-09,78.875015,78.875015,77.62508,77.750071,784800,3.926611
1979-10-08,80.500012,81.000073,79.250077,79.250077,518400,4.002366
1979-10-05,80.500012,82.000018,80.500012,80.500012,1270800,4.065491
1979-10-04,79.125006,80.25003,79.000006,80.25003,2340000,4.052866
1979-10-03,78.375043,79.625058,78.375043,79.125006,1468800,3.996049
1979-10-02,78.875015,79.500067,78.000061,78.375043,1190800,3.958174
1979-10-01,79.125006,79.125006,76.750038,78.875015,3454000,3.983424
1979-09-28,83.375032,84.000084,82.500078,83.000051,577200,4.19175
1979-09-27,84.000084,84.000084,83.000051,83.375032,620000,4.210688
1979-09-26,83.500023,84.625056,83.500023,84.000084,1061600,4.242255
1979-09-25,83.375032,83.375032,82.625069,83.375032,778800,4.210688
1979-09-24,84.000084,84.000084,83.375032,83.625022,818400,4.223313
1979-09-21,82.500078,84.000084,81.750035,84.000084,1100400,4.242255
1979-09-20,80.00004,82.500078,79.625058,82.500078,472400,4.1665
1979-09-19,79.750057,80.375021,79.750057,80.00004,331200,4.040241
1979-09-18,80.875082,80.875082,79.500067,79.500067,443200,4.014991
1979-09-17,81.375054,81.875027,80.875082,80.875082,406800,4.084433
1979-09-14,80.500012,82.000018,80.500012,81.375054,562400,4.109683
1979-09-13,79.750057,80.750002,79.625058,80.25003,373200,4.052866
1979-09-12,79.250077,80.125031,79.125006,79.750057,349200,4.027616
1979-09-11,80.00004,80.00004,78.750024,79.250077,620800,4.002366
1979-09-10,78.250044,80.00004,77.750071,80.00004,338800,4.040241
1979-09-07,77.62508,78.250044,77.125019,78.250044,470800,3.951861
1979-09-06,75.999995,77.62508,75.999995,77.62508,945200,3.920298
1979-09-05,76.375065,76.375065,75.500023,75.999995,918800,3.838227
1979-09-04,78.875015,78.875015,77.125019,77.125019,503600,3.895044
1979-08-31,78.750024,79.250077,78.625025,79.125006,221600,3.996049
1979-08-30,79.250077,79.250077,78.500034,78.750024,201200,3.977111
1979-08-29,78.625025,79.500067,78.500034,79.250077,525200,4.002366
1979-08-28,78.000061,78.875015,78.000061,78.625025,272800,3.970799
1979-08-27,77.37501,79.000006,77.37501,78.500034,447200,3.941758
1979-08-24,77.62508,77.62508,77.000028,77.37501,308800,3.885267
1979-08-23,77.37501,78.375043,77.37501,77.87507,570800,3.910377
1979-08-22,76.750038,77.62508,76.750038,77.37501,577200,3.885267
1979-08-21,76.875037,77.37501,76.375065,76.750038,409600,3.853885
1979-08-20,76.250065,76.875037,75.999995,76.875037,163600,3.860162
1979-08-17,76.250065,76.500056,75.125041,76.250065,359200,3.82878
1979-08-16,76.625047,77.125019,75.999995,76.250065,669600,3.82878
1979-08-15,75.999995,76.875037,75.250032,76.625047,598400,3.847609
1979-08-14,76.375065,76.375065,75.500023,75.999995,465600,3.816223
1979-08-13,75.500023,76.500056,75.250032,76.375065,573200,3.835056
1979-08-10,74.75006,75.625014,74.625069,75.500023,986000,3.791117
1979-08-09,75.00005,75.500023,74.374998,74.75006,1220400,3.753459
1979-08-08,74.374998,75.500023,74.374998,75.00005,1075200,3.766012
1979-08-07,73.000072,74.000017,73.000072,73.500044,529600,3.690692
1979-08-06,73.250054,73.250054,72.000039,73.000072,432800,3.665586
1979-08-03,74.000017,74.000017,73.125063,73.250054,661200,3.678139
1979-08-02,73.500044,74.374998,73.500044,74.125008,592400,3.722073
1979-08-01,73.750027,73.750027,73.000072,73.500044,336400,3.690692
1979-07-31,73.875026,74.250007,73.875026,73.875026,580000,3.709521
1979-07-30,74.000017,74.000017,73.625036,73.875026,166800,3.709521
1979-07-27,74.500078,74.500078,73.625036,74.000017,549600,3.715797
1979-07-26,74.75006,74.75006,74.000017,74.625069,405200,3.747183
1979-07-25,74.374998,74.75006,74.374998,74.75006,497600,3.753459
1979-07-24,73.250054,74.374998,73.125063,74.250007,780400,3.72835
1979-07-23,72.750002,73.500044,72.37502,73.250054,479200,3.678139
1979-07-20,72.000039,72.875073,71.124997,72.750002,801600,3.653029
1979-07-19,72.500011,73.000072,70.625024,72.000039,2382800,3.615371
1979-07-18,72.000039,72.625002,71.250076,72.500011,419600,3.640476
1979-07-17,73.000072,73.250054,72.000039,72.000039,1481600,3.615371
1979-07-16,71.750049,73.250054,71.750049,73.000072,1682000,3.665586
1979-07-13,71.000006,71.750049,71.000006,71.375067,1408400,3.583989
1979-07-12,69.75007,70.875015,69.50,70.750015,1064400,3.552603
1979-07-11,69.875061,69.875061,69.125019,69.75007,508400,3.502392
1979-07-10,70.250043,70.375034,69.125019,70.000053,1117200,3.514945
1979-07-09,69.375009,70.250043,69.375009,70.250043,772000,3.527498
1979-07-06,65.750026,68.250065,65.750026,68.000074,1834000,3.414519
1979-07-05,65.750026,66.000012,65.000063,65.750026,704800,3.301536
1979-07-03,66.750059,66.750059,65.750026,65.750026,390000,3.301536
1979-07-02,67.000045,67.375023,66.750059,66.750059,390800,3.351751
1979-06-29,66.87505,67.375023,66.750059,67.000045,167600,3.364304
1979-06-28,66.249998,67.500022,66.125007,66.87505,766400,3.358028
1979-06-27,66.125007,67.250032,66.000012,66.249998,499200,3.326642
1979-06-26,66.374994,66.87505,66.000012,66.125007,587600,3.320365
1979-06-25,66.750059,66.87505,66.125007,66.374994,596000,3.332918
1979-06-22,66.125007,66.87505,66.125007,66.750059,280000,3.351751
1979-06-21,66.249998,66.500069,65.50004,66.125007,545600,3.320365
1979-06-20,67.000045,67.000045,66.249998,66.249998,478400,3.326642
1979-06-19,67.000045,67.000045,66.500069,67.000045,432000,3.364304
1979-06-18,67.500022,67.625013,66.750059,67.125036,192800,3.37058
1979-06-15,68.000074,68.000074,67.250032,67.500022,292800,3.38941
1979-06-14,68.875028,68.875028,67.500022,68.250065,357600,3.427072
1979-06-13,70.000053,70.000053,68.750037,69.125019,344000,3.471006
1979-06-12,69.625079,70.250043,69.625079,70.000053,700800,3.514945
1979-06-11,69.25001,69.625079,68.375056,69.50,412000,3.489836
1979-06-08,70.000053,70.250043,68.750037,69.25001,738400,3.477283
1979-06-07,68.250065,70.250043,68.250065,70.000053,1108000,3.514945
1979-06-06,67.125036,68.500047,67.125036,68.000074,608400,3.414519
1979-06-05,65.000063,67.500022,65.000063,66.625064,768800,3.345475
1979-06-04,64.500007,64.749993,64.125025,64.749993,437200,3.251321
1979-06-01,64.875072,65.000063,64.25002,64.500007,326400,3.238769
1979-05-31,65.000063,65.50004,64.500007,64.875072,510000,3.257602
1979-05-30,66.249998,66.249998,64.749993,65.000063,324000,3.263878
1979-05-29,67.500022,67.500022,66.249998,66.249998,302000,3.326642
1979-05-25,67.125036,68.000074,67.000045,67.750004,392800,3.401962
1979-05-24,66.249998,67.125036,66.249998,67.125036,599200,3.37058
1979-05-23,67.375023,68.000074,67.375023,67.625013,468400,3.373088
1979-05-22,65.625031,67.250032,65.250053,66.750059,223200,3.329446
1979-05-21,65.50004,66.500069,65.250053,65.625031,226400,3.273331
1979-05-18,65.750026,66.000012,65.125058,65.50004,490800,3.267096
1979-05-17,65.250053,66.374994,65.250053,65.750026,590000,3.279565
1979-05-16,64.749993,65.375045,64.500007,65.000063,226400,3.242158
1979-05-15,64.375011,65.000063,64.25002,64.749993,610800,3.229684
1979-05-14,66.000012,66.000012,64.25002,64.375011,414400,3.210981
1979-05-11,66.000012,66.249998,65.50004,66.000012,142400,3.292035
1979-05-10,67.500022,67.750004,66.000012,66.000012,346400,3.292035
1979-05-09,67.250032,68.250065,67.125036,67.500022,915600,3.366854
1979-05-08,66.625064,67.250032,66.125007,67.250032,924000,3.354385
1979-05-07,67.000045,67.000045,66.625064,66.625064,306000,3.323212
1979-05-04,66.750059,67.375023,66.625064,67.000045,464000,3.341915
1979-05-03,67.000045,67.625013,66.500069,66.750059,910400,3.329446
1979-05-02,68.000074,68.250065,67.000045,67.000045,688000,3.341915
1979-05-01,67.000045,68.250065,67.000045,68.000074,443200,3.391796
1979-04-30,67.250032,67.375023,66.625064,67.000045,344800,3.341915
1979-04-27,67.625013,67.625013,66.750059,67.250032,903200,3.354385
1979-04-26,68.750037,68.750037,67.250032,67.625013,620800,3.373088
1979-04-25,68.250065,69.125019,68.250065,68.750037,606800,3.429204
1979-04-24,67.500022,68.625046,67.250032,68.000074,789600,3.391796
1979-04-23,67.500022,67.500022,67.125036,67.500022,574800,3.366854
1979-04-20,67.750004,68.250065,66.750059,67.750004,1736800,3.379323
1979-04-19,66.750059,68.250065,66.625064,67.750004,1275600,3.379323
1979-04-18,65.750026,66.87505,65.750026,66.750059,868800,3.329446
1979-04-17,65.50004,66.249998,65.50004,65.625031,644400,3.273331
1979-04-16,66.500069,66.500069,65.375045,65.50004,1326000,3.267096
1979-04-12,70.250043,70.250043,66.500069,66.500069,1426000,3.316977
1979-04-11,71.625057,72.000039,70.500033,70.625024,1317600,3.522727
1979-04-10,72.000039,72.250021,71.625057,71.625057,642000,3.572608
1979-04-09,71.500066,72.000039,71.124997,72.000039,636800,3.591312
1979-04-06,70.250043,71.625057,70.250043,71.500066,772800,3.566373
1979-04-05,69.50,70.500033,69.50,70.250043,956800,3.504023
1979-04-04,69.25001,70.125052,69.25001,69.50,1556800,3.466611
1979-04-03,68.250065,69.50,68.125074,69.25001,340800,3.454142
1979-04-02,68.625046,68.625046,67.125036,68.250065,574000,3.404266
1979-03-30,69.625079,69.625079,68.000074,68.750037,234800,3.429204
1979-03-29,69.375009,70.000053,69.25001,69.625079,664000,3.47285
1979-03-28,68.625046,70.000053,68.625046,69.375009,1413600,3.460377
1979-03-27,67.500022,69.000027,67.500022,68.625046,447200,3.422969
1979-03-26,68.000074,68.250065,67.250032,67.250032,516000,3.354385
1979-03-23,68.875028,69.125019,68.000074,68.000074,928400,3.391796
1979-03-22,68.500047,68.875028,68.500047,68.875028,582400,3.435438
1979-03-21,67.874995,68.500047,66.374994,68.375056,1131200,3.4105
1979-03-20,68.375056,68.750037,67.750004,67.874995,956800,3.385557
1979-03-19,68.375056,70.000053,68.375056,68.375056,1095200,3.4105
1979-03-16,64.875072,68.875028,64.749993,67.750004,1937200,3.379323
1979-03-15,64.500007,65.875017,64.500007,64.875072,734400,3.235923
1979-03-14,63.625053,64.625002,63.625053,64.375011,566400,3.210981
1979-03-13,63.000001,63.625053,62.750015,63.375066,872800,3.161104
1979-03-12,63.250071,63.250071,62.62502,63.000001,364800,3.142396
1979-03-09,64.125025,64.500007,63.500057,63.750044,344800,3.179808
1979-03-08,63.000001,64.125025,62.875006,64.125025,676400,3.198511
1979-03-07,63.625053,64.125025,63.000001,63.000001,545600,3.142396
1979-03-06,63.500057,63.875039,63.375066,63.625053,651200,3.173573
1979-03-05,62.750015,63.875039,62.750015,63.500057,477600,3.167339
1979-03-02,62.250038,62.500028,61.875061,62.500028,363200,3.117458
1979-03-01,62.375033,62.500028,61.750066,62.250038,309600,3.104988
1979-02-28,62.000052,62.62502,62.000052,62.375033,294400,3.111223
1979-02-27,63.250071,63.250071,61.875061,62.000052,626000,3.092519
1979-02-26,63.375066,63.375066,63.000001,63.250071,322800,3.154869
1979-02-23,64.000034,64.500007,63.375066,63.500057,370000,3.144892
1979-02-22,63.875039,64.000034,63.000001,64.000034,348000,3.169653
1979-02-21,65.000063,65.625031,63.500057,63.875039,753600,3.163463
1979-02-20,64.749993,65.000063,64.500007,65.000063,424400,3.219181
1979-02-16,64.000034,64.875072,64.000034,64.749993,290400,3.206796
1979-02-15,63.500057,64.125025,63.000001,63.500057,444000,3.144892
1979-02-14,62.500028,64.000034,62.375033,63.500057,711600,3.144892
1979-02-13,60.875028,62.62502,60.875028,62.500028,1192000,3.095364
1979-02-12,60.750032,60.750032,59.750003,60.625041,415200,3.002504
1979-02-09,60.750032,61.499995,60.750032,60.750032,712400,3.008694
1979-02-08,60.625041,61.875061,60.625041,60.750032,586400,3.008694
1979-02-07,61.250009,61.499995,59.99999,60.500046,986800,2.996314
1979-02-06,60.625041,61.375,60.500046,61.250009,369200,3.033456
1979-02-05,61.250009,61.250009,60.375051,60.625041,520400,3.002504
1979-02-02,60.750032,61.375,60.750032,61.250009,452400,3.033456
1979-02-01,60.875028,60.875028,59.99999,60.750032,1006400,3.008694
1979-01-31,62.000052,62.000052,61.000019,61.125014,369200,3.027266
1979-01-30,62.62502,62.62502,62.000052,62.000052,445600,3.070603
1979-01-29,62.250038,63.000001,62.250038,62.62502,392800,3.101555
1979-01-26,62.250038,62.62502,62.125047,62.250038,817600,3.082983
1979-01-25,61.750066,62.500028,61.750066,62.250038,658000,3.082983
1979-01-24,60.875028,61.499995,60.625041,61.499995,558000,3.045837
1979-01-23,61.125014,61.375,60.875028,60.875028,680400,3.014885
1979-01-22,61.250009,61.62507,61.000019,61.125014,545600,3.027266
1979-01-19,61.62507,62.000052,61.125014,61.250009,528000,3.033456
1979-01-18,61.62507,62.000052,61.250009,61.62507,460800,3.052031
1979-01-17,61.000019,62.000052,60.25006,61.62507,1002000,3.052031
1979-01-16,61.375,61.375,60.500046,61.000019,793200,3.021075
1979-01-15,61.750066,62.375033,60.500046,61.499995,1342800,3.045837
1979-01-12,62.250038,63.000001,61.499995,61.750066,755200,3.058222
1979-01-11,62.500028,62.750015,60.500046,62.250038,873600,3.082983
1979-01-10,65.000063,65.000063,62.000052,62.500028,373200,3.095364
1979-01-09,65.50004,66.000012,64.749993,65.250053,172000,3.231562
1979-01-08,65.875017,65.875017,65.125058,65.50004,386800,3.243942
1979-01-05,66.000012,66.249998,65.250053,66.000012,264400,3.268704
1979-01-04,65.250053,66.125007,65.125058,66.000012,1165600,3.268704
1979-01-03,65.375045,66.249998,65.000063,65.250053,477600,3.231562
1979-01-02,66.000012,66.000012,64.25002,65.375045,427200,3.237752
1978-12-29,66.750059,67.000045,66.000012,66.000012,264400,3.268704
1978-12-28,67.250032,67.375023,66.374994,66.750059,160000,3.305851
1978-12-27,68.500047,68.500047,67.125036,67.250032,464000,3.330612
1978-12-26,65.000063,68.500047,65.000063,68.500047,788800,3.39252
1978-12-22,63.000001,64.875072,63.000001,64.875072,335600,3.21299
1978-12-21,62.250038,63.250071,62.250038,62.750015,373200,3.107745
1978-12-20,60.500046,61.750066,60.500046,61.499995,361600,3.045837
1978-12-19,59.99999,61.000019,59.99999,60.25006,339600,2.983933
1978-12-18,59.99999,59.99999,59.250027,59.874994,338000,2.965357
1978-12-15,61.375,61.375,60.375051,60.625041,264400,3.002504
1978-12-14,61.62507,61.62507,59.500013,61.375,783200,3.039646
1978-12-13,63.500057,63.500057,62.000052,62.000052,518400,3.070603
1978-12-12,64.125025,64.500007,63.375066,63.625053,227200,3.151082
1978-12-11,63.124992,64.375011,62.875006,64.125025,230000,3.175844
1978-12-08,63.000001,63.750044,62.875006,63.124992,243200,3.126316
1978-12-07,63.000001,63.875039,62.500028,63.000001,402800,3.120126
1978-12-06,63.750044,65.125058,63.000001,63.000001,868800,3.120126
1978-12-05,62.375033,63.750044,62.125047,63.750044,245600,3.157272
1978-12-04,61.750066,62.500028,61.750066,62.375033,284400,3.089174
1978-12-01,59.99999,61.750066,59.99999,61.62507,588400,3.052031
1978-11-30,59.500013,60.375051,58.750054,59.500013,612400,2.946786
1978-11-29,61.750066,61.750066,59.250027,59.500013,625200,2.946786
1978-11-28,63.625053,64.000034,62.125047,62.125047,251600,3.076793
1978-11-27,63.750044,63.750044,62.750015,63.625053,298000,3.151082
1978-11-24,63.000001,63.375066,63.000001,63.000001,145200,3.097838
1978-11-22,62.750015,63.250071,62.250038,62.62502,599200,3.079399
1978-11-21,63.000001,63.375066,62.62502,62.750015,844400,3.085546
1978-11-20,61.499995,63.124992,61.499995,63.000001,465600,3.097838
1978-11-17,60.750032,61.750066,60.750032,61.250009,495200,3.011787
1978-11-16,60.125065,61.250009,60.125065,60.750032,476800,2.987202
1978-11-15,60.25006,61.250009,59.750003,59.750003,819200,2.938029
1978-11-14,61.125014,61.499995,59.99999,60.25006,889600,2.962618
1978-11-13,62.250038,62.250038,61.125014,61.125014,428000,3.005641
1978-11-10,61.62507,62.500028,61.375,62.500028,574800,3.073253
1978-11-09,62.750015,63.000001,61.62507,61.62507,809200,3.03023
1978-11-08,63.250071,63.250071,62.125047,62.750015,1010400,3.085546
1978-11-07,64.000034,64.000034,62.500028,63.500057,742000,3.122427
1978-11-06,66.000012,66.000012,65.000063,65.000063,1304400,3.196185
1978-11-03,67.500022,67.500022,66.000012,66.750059,2073200,3.282236
1978-11-02,69.375009,69.375009,67.125036,67.750004,1746000,3.331405
1978-11-01,68.625046,70.500033,68.625046,69.50,1124800,3.417456
1978-10-31,68.375056,68.375056,66.249998,66.750059,766400,3.282236
1978-10-30,66.500069,68.375056,65.625031,68.375056,667200,3.36214
1978-10-27,67.250032,67.500022,65.875017,66.500069,470000,3.269943
1978-10-26,67.625013,67.625013,66.750059,67.250032,528800,3.306821
1978-10-25,68.125074,69.375009,68.000074,68.000074,1284000,3.343702
1978-10-24,70.125052,70.875015,68.000074,68.125074,1161600,3.349848
1978-10-23,69.000027,70.250043,68.500047,70.125052,244000,3.448191
1978-10-20,69.125019,69.625079,68.000074,69.000027,2088400,3.392871
1978-10-19,70.625024,70.625024,69.125019,69.125019,494400,3.399017
1978-10-18,70.875015,71.124997,70.125052,70.875015,348000,3.485068
1978-10-17,71.500066,71.500066,70.000053,70.875015,533600,3.485068
1978-10-16,74.000017,74.000017,71.750049,71.750049,240000,3.528096
1978-10-13,73.875026,74.374998,73.500044,74.000017,138400,3.638731
1978-10-12,74.625069,75.375031,73.875026,73.875026,422800,3.632585
1978-10-11,74.75006,74.75006,73.625036,74.625069,632800,3.669466
1978-10-10,74.625069,75.500023,74.625069,74.875059,650400,3.681759
1978-10-09,73.375045,74.625069,73.375045,74.625069,214800,3.669466
1978-10-06,72.500011,73.250054,72.250021,72.875073,273600,3.583415
1978-10-05,72.000039,73.750027,72.000039,72.500011,412000,3.564973
1978-10-04,71.375067,72.12503,71.124997,72.000039,227200,3.540388
1978-10-03,72.750002,72.875073,71.250076,71.375067,304400,3.509657
1978-10-02,71.87504,72.750002,71.500066,72.750002,282000,3.577265
1978-09-29,70.875015,73.000072,70.875015,71.87504,347200,3.534242
1978-09-28,69.50,71.000006,69.25001,70.875015,214000,3.485068
1978-09-27,69.75007,70.750015,69.000027,69.50,474000,3.417456
1978-09-26,69.000027,70.000053,68.750037,69.75007,338000,3.429753
1978-09-25,70.000053,70.000053,68.000074,69.000027,493200,3.392871
1978-09-22,70.250043,70.750015,69.75007,70.000053,688000,3.442045
1978-09-21,70.000053,70.875015,69.50,70.250043,599200,3.454337
1978-09-20,71.250076,71.500066,70.000053,70.000053,484800,3.442045
1978-09-19,71.750049,71.87504,71.000006,71.250076,451600,3.503511
1978-09-18,72.000039,72.875073,71.375067,71.750049,650400,3.528096
1978-09-15,72.37502,72.37502,71.250076,72.000039,518400,3.540388
1978-09-14,73.375045,73.500044,71.87504,72.37502,968400,3.558827
1978-09-13,75.250032,75.500023,73.375045,73.375045,985200,3.608
1978-09-12,76.875037,76.875037,74.500078,75.250032,448800,3.700197
1978-09-11,77.000028,78.375043,77.000028,77.125019,649600,3.792394
1978-09-08,75.125041,77.000028,75.125041,77.000028,620000,3.786248
1978-09-07,76.500056,76.750038,75.125041,75.125041,1030800,3.694051
1978-09-06,76.750038,78.250044,76.500056,76.500056,577200,3.761663
1978-09-05,75.625014,77.000028,75.625014,76.750038,539600,3.773955
1978-09-01,73.125063,74.75006,73.125063,74.250007,474000,3.651024
1978-08-31,72.000039,73.250054,72.000039,73.000072,609200,3.589562
1978-08-30,71.000006,72.500011,70.750015,72.000039,562400,3.540388
1978-08-29,72.000039,72.37502,70.375034,71.000006,596800,3.491214
1978-08-28,72.000039,73.750027,72.000039,72.000039,406000,3.540388
1978-08-25,73.375045,74.500078,72.750002,73.750027,1074400,3.60923
1978-08-24,71.000006,74.000017,71.000006,73.375045,1296800,3.590879
1978-08-23,69.25001,71.250076,69.25001,70.375034,1498400,3.444062
1978-08-22,68.375056,68.875028,68.000074,68.500047,359200,3.352303
1978-08-21,68.625046,69.125019,68.375056,68.375056,279200,3.346186
1978-08-18,68.875028,69.25001,68.500047,68.625046,709200,3.35842
1978-08-17,68.125074,69.000027,68.125074,68.875028,768000,3.370654
1978-08-16,67.874995,68.375056,67.125036,68.000074,693200,3.327835
1978-08-15,68.000074,68.125074,67.125036,67.874995,486800,3.321714
1978-08-14,67.874995,68.625046,67.874995,68.000074,444000,3.327835
1978-08-11,67.000045,68.375056,67.000045,67.625013,422000,3.30948
1978-08-10,69.000027,69.000027,67.000045,67.000045,541200,3.278895
1978-08-09,68.750037,69.875061,68.750037,69.000027,1133200,3.376771
1978-08-08,68.250065,68.750037,68.000074,68.500047,1275600,3.352303
1978-08-07,67.750004,69.25001,67.500022,68.250065,837600,3.340069
1978-08-04,66.625064,68.375056,66.500069,67.750004,969200,3.315597
1978-08-03,65.750026,67.250032,65.750026,66.625064,1698000,3.260544
1978-08-02,63.375066,64.625002,63.000001,64.500007,864400,3.156546
1978-08-01,63.875039,64.000034,63.250071,63.375066,516000,3.101493
1978-07-31,63.875039,63.875039,63.000001,63.875039,364800,3.125961
1978-07-28,63.124992,64.500007,63.124992,64.000034,464000,3.132078
1978-07-27,62.000052,63.375066,62.000052,63.000001,392800,3.083138
1978-07-26,62.125047,62.500028,62.000052,62.000052,707600,3.034202
1978-07-25,61.875061,62.500028,61.750066,62.125047,454000,3.040319
1978-07-24,62.125047,62.375033,61.125014,61.875061,231600,3.028085
1978-07-21,62.375033,62.875006,61.499995,62.125047,477600,3.040319
1978-07-20,62.375033,63.750044,62.375033,62.375033,519600,3.052553
1978-07-19,60.500046,62.375033,60.500046,62.250038,457200,3.046436
1978-07-18,62.375033,62.62502,60.500046,60.500046,330400,2.960793
1978-07-17,63.375066,63.500057,62.000052,62.375033,365600,3.052553
1978-07-14,61.499995,63.375066,61.250009,63.375066,346400,3.101493
1978-07-13,61.000019,61.499995,60.375051,61.499995,344000,3.009729
1978-07-12,60.750032,61.000019,60.125065,61.000019,365600,2.985261
1978-07-11,61.000019,61.000019,59.500013,60.750032,910400,2.973027
1978-07-10,61.499995,61.499995,60.625041,61.499995,502800,3.009729
1978-07-07,62.000052,62.000052,61.375,61.750066,542000,3.021968
1978-07-06,62.62502,63.000001,62.250038,62.875006,596000,3.077021
1978-07-05,63.375066,63.375066,62.375033,62.62502,203600,3.064787
1978-07-03,64.125025,64.125025,63.500057,63.625053,188800,3.113727
1978-06-30,64.375011,64.625002,63.250071,64.125025,216400,3.138195
1978-06-29,64.375011,64.875072,64.125025,64.375011,272800,3.150429
1978-06-28,63.875039,64.875072,63.375066,64.375011,413600,3.150429
1978-06-27,63.250071,64.375011,63.124992,63.875039,307200,3.125961
1978-06-26,63.750044,64.625002,63.124992,63.250071,222400,3.095376
1978-06-23,64.749993,64.749993,63.500057,63.750044,418000,3.119844
1978-06-22,62.62502,64.749993,62.62502,64.749993,381600,3.16878
1978-06-21,62.875006,62.875006,62.250038,62.62502,441200,3.064787
1978-06-20,64.000034,64.125025,63.000001,63.000001,778800,3.083138
1978-06-19,63.500057,64.000034,62.500028,64.000034,348000,3.132078
1978-06-16,64.375011,64.375011,63.500057,63.500057,466400,3.10761
1978-06-15,65.250053,65.250053,64.000034,64.375011,401200,3.150429
1978-06-14,65.875017,66.500069,65.250053,65.375045,610800,3.199369
1978-06-13,66.000012,66.000012,65.50004,65.875017,285200,3.223837
1978-06-12,66.625064,67.250032,66.374994,66.500069,970000,3.254427
1978-06-09,66.374994,67.125036,66.374994,66.625064,407600,3.260544
1978-06-08,66.000012,67.250032,65.750026,66.374994,847600,3.248306
1978-06-07,67.125036,67.125036,65.750026,66.000012,549600,3.229954
1978-06-06,67.125036,68.750037,67.125036,67.125036,847600,3.285012
1978-06-05,64.625002,67.000045,64.625002,67.000045,747600,3.278895
1978-06-02,62.000052,64.000034,62.000052,64.000034,258400,3.132078
1978-06-01,61.62507,62.375033,61.499995,62.000052,324000,3.034202
1978-05-31,61.499995,62.000052,61.375,61.62507,578000,3.01585
1978-05-30,61.375,61.750066,61.125014,61.499995,244000,3.009729
1978-05-26,61.62507,61.750066,61.125014,61.375,200400,3.003612
1978-05-25,61.375,62.000052,61.375,61.62507,308800,3.01585
1978-05-24,62.375033,62.375033,61.499995,61.62507,311200,2.998724
1978-05-23,62.750015,63.250071,62.750015,62.875006,424400,3.059546
1978-05-22,62.375033,63.250071,62.375033,62.750015,606800,3.053464
1978-05-19,63.124992,63.124992,61.250009,61.750066,504400,3.004806
1978-05-18,64.625002,64.749993,63.375066,63.500057,585600,3.089962
1978-05-17,64.500007,65.250053,64.375011,64.625002,767200,3.144703
1978-05-16,64.625002,64.875072,64.375011,64.500007,612400,3.13862
1978-05-15,64.625002,64.875072,63.500057,64.625002,918800,3.144703
1978-05-12,63.500057,64.875072,63.500057,64.625002,726000,3.144703
1978-05-11,61.875061,62.62502,61.750066,62.500028,662800,3.0413
1978-05-10,61.000019,62.125047,61.000019,61.875061,562400,3.010888
1978-05-09,60.25006,61.250009,60.25006,61.000019,552800,2.968308
1978-05-08,59.750003,60.750032,59.750003,59.99999,973600,2.919646
1978-05-05,58.500068,59.99999,58.125003,59.375022,659600,2.889235
1978-05-04,58.249994,58.625059,57.750021,58.500068,1111200,2.846659
1978-05-03,59.000041,59.250027,58.249994,58.249994,507600,2.83449
1978-05-02,59.750003,59.750003,59.000041,59.000041,1087600,2.870988
1978-05-01,59.250027,59.99999,59.250027,59.750003,675600,2.907481
1978-04-28,57.625026,59.000041,57.625026,59.000041,487600,2.870988
1978-04-27,58.500068,58.500068,57.000062,57.500035,691600,2.797996
1978-04-26,58.374989,59.625008,58.000007,58.750054,966000,2.858823
1978-04-25,58.000007,61.000019,58.000007,58.374989,2207600,2.840572
1978-04-24,55.750043,58.249994,55.500053,58.000007,2804400,2.822325
1978-04-21,56.375011,56.624997,55.625048,55.750043,1390000,2.71284
1978-04-20,56.250016,57.37504,56.250016,56.375011,641200,2.743252
1978-04-19,57.500035,57.625026,54.999996,56.000029,1137200,2.725005
1978-04-18,58.249994,58.750054,57.125054,57.500035,700800,2.797996
1978-04-17,58.000007,59.625008,58.000007,58.249994,1851600,2.83449
1978-04-14,56.250016,57.750021,56.250016,57.500035,1518400,2.797996
1978-04-13,54.999996,55.500053,54.875001,55.375062,726000,2.694593
1978-04-12,55.124991,55.124991,54.500024,54.999996,1157200,2.676342
1978-04-11,55.750043,55.750043,54.999996,55.375062,529600,2.694593
1978-04-10,56.250016,56.375011,54.999996,55.750043,662800,2.71284
1978-04-07,57.125054,57.37504,56.12502,56.250016,672000,2.737169
1978-04-06,57.625026,58.125003,57.125054,57.125054,629200,2.779749
1978-04-05,58.000007,58.249994,57.500035,57.625026,556400,2.804078
1978-04-04,57.37504,58.125003,57.37504,58.000007,753600,2.822325
1978-04-03,57.500035,57.625026,57.37504,57.37504,415200,2.791914
1978-03-31,57.750021,57.750021,57.250049,57.500035,338800,2.797996
1978-03-30,57.37504,57.750021,57.250049,57.750021,248400,2.810161
1978-03-29,57.37504,57.750021,57.000062,57.37504,251600,2.791914
1978-03-28,57.37504,57.875016,57.250049,57.37504,260800,2.791914
1978-03-27,57.250049,57.750021,57.250049,57.37504,217200,2.791914
1978-03-23,56.500002,56.749988,56.375011,56.624997,497600,2.755416
1978-03-22,57.125054,57.250049,56.375011,56.500002,684000,2.749334
1978-03-21,59.000041,59.000041,57.125054,57.125054,231600,2.779749
1978-03-20,59.500013,59.500013,58.500068,59.000041,322000,2.870988
1978-03-17,58.625059,59.874994,57.750021,59.625008,524400,2.901399
1978-03-16,58.000007,58.625059,57.625026,58.625059,296800,2.852741
1978-03-15,58.125003,58.750054,57.875016,58.000007,526800,2.822325
1978-03-14,56.375011,58.750054,56.12502,58.125003,386000,2.828408
1978-03-13,56.12502,56.749988,56.12502,56.375011,694800,2.743252
1978-03-10,54.999996,55.875034,54.999996,55.625048,1384800,2.706758
1978-03-09,55.500053,55.625048,54.875001,54.875001,386000,2.67026
1978-03-08,55.750043,55.750043,54.999996,55.500053,557200,2.700676
1978-03-07,55.750043,56.000029,54.999996,55.750043,1097600,2.71284
1978-03-06,55.875034,56.000029,55.625048,55.750043,277600,2.71284
1978-03-03,55.750043,56.000029,55.625048,55.875034,486800,2.718922
1978-03-02,56.624997,56.749988,55.500053,55.750043,625200,2.71284
1978-03-01,56.500002,56.749988,56.250016,56.624997,629200,2.755416
1978-02-28,57.000062,57.000062,56.500002,56.500002,430400,2.749334
1978-02-27,57.750021,57.750021,57.000062,57.000062,516000,2.773667
1978-02-24,57.750021,58.249994,57.750021,58.125003,296000,2.811378
1978-02-23,58.000007,58.000007,56.875067,57.250049,939200,2.769058
1978-02-22,58.750054,58.750054,58.125003,58.125003,451600,2.811378
1978-02-21,58.249994,58.875045,58.125003,58.875045,218000,2.847656
1978-02-17,58.500068,59.000041,58.000007,58.249994,720800,2.817424
1978-02-16,58.750054,58.750054,58.374989,58.500068,302000,2.829519
1978-02-15,58.625059,59.000041,57.875016,58.875045,552000,2.847656
1978-02-14,59.874994,59.874994,58.500068,58.625059,525200,2.835565
1978-02-13,59.874994,60.125065,59.750003,59.874994,216400,2.896021
1978-02-10,60.625041,60.625041,59.874994,59.874994,431200,2.896021
1978-02-09,61.375,61.375,60.25006,61.000019,263200,2.950436
1978-02-08,60.875028,61.750066,60.750032,61.375,288400,2.968573
1978-02-07,59.750003,61.125014,59.750003,60.875028,179600,2.944391
1978-02-06,59.250027,59.750003,58.875045,59.750003,66800,2.889976
1978-02-03,59.625008,59.750003,59.000041,59.250027,162000,2.865793
1978-02-02,59.750003,60.25006,59.625008,59.625008,313600,2.88393
1978-02-01,59.250027,59.750003,59.250027,59.750003,268400,2.889976
1978-01-31,58.875045,59.250027,58.750054,59.250027,154400,2.865793
1978-01-30,57.750021,59.000041,57.750021,58.875045,206400,2.847656
1978-01-27,57.875016,58.125003,57.500035,57.625026,532800,2.787195
1978-01-26,59.000041,59.375022,57.750021,57.875016,658800,2.799287
1978-01-25,59.250027,59.375022,59.000041,59.000041,292800,2.853702
1978-01-24,59.250027,59.750003,59.000041,59.250027,129200,2.865793
1978-01-23,59.625008,59.874994,59.250027,59.250027,310400,2.865793
1978-01-20,59.874994,59.99999,59.500013,59.625008,218000,2.88393
1978-01-19,59.874994,60.500046,59.750003,59.874994,498400,2.896021
1978-01-18,59.874994,60.25006,59.375022,59.874994,537200,2.896021
1978-01-17,59.750003,60.25006,59.750003,59.874994,203600,2.896021
1978-01-16,59.99999,60.25006,59.625008,59.625008,268400,2.88393
1978-01-13,59.99999,60.25006,59.625008,59.99999,696400,2.902067
1978-01-12,59.874994,60.25006,59.750003,59.99999,548000,2.902067
1978-01-11,60.375051,60.375051,59.625008,59.874994,653600,2.896021
1978-01-10,60.500046,60.875028,60.125065,60.375051,401200,2.920208
1978-01-09,61.375,61.375,60.25006,60.500046,918800,2.926254
1978-01-06,62.500028,62.500028,61.499995,61.62507,684000,2.980669
1978-01-05,63.250071,63.875039,62.500028,62.62502,508400,3.029034
1978-01-04,63.250071,63.250071,62.62502,63.250071,848400,3.059266
1978-01-03,65.125058,65.375045,63.500057,63.500057,380800,3.071358
1977-12-30,65.250053,65.375045,65.125058,65.125058,262400,3.149955
1977-12-29,65.250053,65.50004,64.749993,65.250053,487600,3.156001
1977-12-28,65.625031,65.750026,65.000063,65.250053,490800,3.156001
1977-12-27,65.250053,65.625031,65.125058,65.625031,501600,3.174138
1977-12-23,64.749993,65.375045,64.749993,65.250053,317200,3.156001
1977-12-22,63.124992,64.375011,63.124992,64.375011,932400,3.113677
1977-12-21,62.375033,63.124992,62.375033,63.000001,552800,3.047171
1977-12-20,62.250038,62.250038,61.750066,62.125047,365600,3.004851
1977-12-19,63.000001,63.000001,62.250038,62.375033,515200,3.016943
1977-12-16,62.62502,63.000001,62.62502,63.000001,679600,3.047171
1977-12-15,62.500028,63.375066,62.500028,62.500028,637600,3.022988
1977-12-14,61.499995,62.500028,61.250009,62.500028,360800,3.022988
1977-12-13,60.875028,61.499995,60.750032,61.499995,305200,2.974619
1977-12-12,60.625041,61.125014,60.625041,60.875028,422000,2.944391
1977-12-09,60.625041,61.250009,60.500046,60.500046,502800,2.926254
1977-12-08,61.499995,61.499995,60.625041,60.625041,836000,2.932299
1977-12-07,63.375066,63.375066,61.499995,61.499995,1176000,2.974619
1977-12-06,64.000034,64.000034,63.375066,63.375066,737600,3.065312
1977-12-05,64.625002,64.625002,64.125025,64.375011,466400,3.113677
1977-12-02,64.500007,65.000063,64.500007,64.625002,364000,3.125769
1977-12-01,64.375011,65.50004,64.25002,64.500007,688000,3.119723
1977-11-30,63.750044,64.375011,63.124992,64.375011,503600,3.113677
1977-11-29,64.375011,64.375011,63.625053,63.750044,502800,3.083449
1977-11-28,64.25002,64.749993,64.25002,64.500007,385200,3.119723
1977-11-25,63.750044,64.625002,63.750044,64.625002,529600,3.108842
1977-11-23,62.750015,63.750044,62.750015,63.500057,798000,3.054725
1977-11-22,61.499995,62.750015,61.499995,62.750015,752000,3.018644
1977-11-21,61.62507,61.875061,61.000019,61.250009,447200,2.946485
1977-11-18,62.250038,62.250038,61.375,61.62507,1049200,2.964527
1977-11-17,63.124992,63.250071,62.250038,62.375033,1078400,3.000605
1977-11-16,63.750044,64.000034,63.124992,63.124992,500000,3.036682
1977-11-15,62.62502,64.000034,62.500028,63.750044,543600,3.066751
1977-11-14,63.124992,63.124992,62.62502,62.62502,401200,3.012631
1977-11-11,62.875006,63.375066,62.875006,63.124992,562400,3.036682
1977-11-10,61.000019,62.000052,60.875028,61.875061,554000,2.976553
1977-11-09,60.125065,61.000019,60.125065,61.000019,313600,2.934459
1977-11-08,59.874994,60.25006,59.874994,60.125065,266800,2.892368
1977-11-07,58.750054,59.99999,58.750054,59.750003,415200,2.874326
1977-11-04,58.625059,59.000041,58.625059,58.625059,248400,2.820209
1977-11-03,58.625059,59.000041,58.125003,58.374989,376800,2.808179
1977-11-02,58.500068,58.875045,58.374989,58.625059,424400,2.820209
1977-11-01,59.250027,59.250027,58.500068,58.500068,310400,2.814196
1977-10-31,59.750003,59.874994,59.250027,59.375022,252400,2.856287
1977-10-28,59.500013,59.874994,59.250027,59.750003,352400,2.874326
1977-10-27,59.125036,60.125065,59.125036,59.500013,1024000,2.8623
1977-10-26,59.000041,59.625008,58.500068,58.875045,1093600,2.832235
1977-10-25,59.125036,59.125036,58.625059,59.000041,649600,2.838248
1977-10-24,60.125065,60.375051,59.500013,59.500013,381600,2.8623
1977-10-21,59.874994,60.625041,59.625008,60.125065,474000,2.892368
1977-10-20,59.250027,59.874994,58.625059,59.874994,507600,2.880338
1977-10-19,60.500046,60.500046,59.250027,59.250027,754400,2.850274
1977-10-18,60.500046,61.250009,60.500046,60.625041,364000,2.91642
1977-10-17,60.500046,60.750032,60.500046,60.500046,130800,2.910407
1977-10-14,60.625041,61.000019,60.375051,60.375051,487600,2.904394
1977-10-13,60.500046,60.875028,60.375051,60.625041,470800,2.91642
1977-10-12,62.000052,62.000052,60.500046,60.500046,1442800,2.910407
1977-10-11,62.250038,62.500028,62.125047,62.125047,368400,2.988579
1977-10-10,61.875061,62.250038,61.875061,62.250038,97200,2.994592
1977-10-07,62.000052,62.250038,61.875061,61.875061,385200,2.976553
1977-10-06,61.000019,62.375033,61.000019,62.000052,350800,2.982566
1977-10-05,61.250009,61.250009,60.750032,61.000019,460800,2.934459
1977-10-04,61.000019,61.62507,61.000019,61.250009,649600,2.946485
1977-10-03,59.874994,60.875028,59.750003,60.875028,484800,2.928446
1977-09-30,59.000041,59.874994,59.000041,59.874994,439600,2.880338
1977-09-29,58.500068,59.000041,58.374989,59.000041,512000,2.838248
1977-09-28,58.125003,58.500068,58.125003,58.500068,533600,2.814196
1977-09-27,57.750021,58.125003,57.750021,58.000007,480800,2.790141
1977-09-26,58.000007,58.000007,57.37504,57.625026,146800,2.772102
1977-09-23,57.750021,58.249994,57.750021,58.000007,272800,2.790141
1977-09-22,57.750021,57.875016,57.500035,57.750021,486800,2.778115
1977-09-21,57.875016,58.374989,57.625026,57.750021,523600,2.778115
1977-09-20,58.625059,58.625059,57.875016,57.875016,692400,2.784128
1977-09-19,58.875045,58.875045,58.374989,58.625059,230800,2.820209
1977-09-16,57.875016,59.000041,57.875016,58.875045,289600,2.832235
1977-09-15,57.750021,58.249994,57.125054,57.875016,268400,2.784128
1977-09-14,56.624997,58.125003,56.624997,57.750021,415200,2.778115
1977-09-13,57.000062,57.250049,56.500002,56.500002,365600,2.717981
1977-09-12,57.875016,58.000007,56.875067,57.000062,752000,2.742037
1977-09-09,58.374989,58.374989,57.875016,57.875016,788000,2.784128
1977-09-08,59.750003,59.750003,58.125003,58.374989,176800,2.808179
1977-09-07,59.000041,59.750003,59.000041,59.750003,243200,2.874326
1977-09-06,58.374989,59.000041,58.374989,58.750054,240000,2.826222
1977-09-02,58.500068,58.750054,58.000007,58.125003,491600,2.796154
1977-09-01,58.750054,59.500013,58.374989,58.500068,335600,2.814196
1977-08-31,57.625026,58.750054,57.500035,58.750054,183600,2.826222
1977-08-30,58.249994,59.250027,57.625026,57.625026,364000,2.772102
1977-08-29,58.500068,58.500068,57.750021,58.249994,390000,2.802166
1977-08-26,57.125054,58.249994,56.749988,57.875016,328000,2.772102
1977-08-25,57.500035,57.875016,56.875067,57.125054,269200,2.73618
1977-08-24,58.125003,58.125003,57.500035,57.500035,386800,2.754141
1977-08-23,58.750054,59.125036,57.750021,58.374989,662800,2.79605
1977-08-22,58.875045,59.500013,58.249994,58.750054,479200,2.814015
1977-08-19,59.500013,59.874994,57.625026,58.875045,608400,2.820001
1977-08-18,59.625008,59.99999,59.500013,59.500013,619200,2.849936
1977-08-17,59.500013,60.125065,59.375022,59.625008,654400,2.855923
1977-08-16,60.625041,60.750032,59.000041,59.500013,1960800,2.849936
1977-08-15,60.25006,60.625041,59.874994,60.625041,289600,2.903823
1977-08-12,61.000019,61.125014,60.25006,60.25006,240000,2.885862
1977-08-11,61.250009,61.875061,61.000019,61.000019,541200,2.921784
1977-08-10,59.874994,61.250009,59.500013,61.250009,470000,2.933758
1977-08-09,59.750003,60.25006,59.625008,59.874994,360000,2.867897
1977-08-08,60.25006,60.25006,59.625008,59.750003,406800,2.86191
1977-08-05,60.375051,60.625041,59.99999,60.25006,469200,2.885862
1977-08-04,60.875028,60.875028,59.750003,60.375051,721600,2.891849
1977-08-03,60.875028,60.875028,60.500046,60.875028,386800,2.915797
1977-08-02,61.499995,61.499995,61.000019,61.000019,334000,2.921784
1977-08-01,61.750066,62.375033,61.499995,61.62507,312800,2.951722
1977-07-29,60.875028,61.875061,59.99999,61.750066,364800,2.957709
1977-07-28,59.375022,61.250009,59.000041,60.875028,642000,2.915797
1977-07-27,60.500046,60.500046,58.875045,59.375022,785600,2.843949
1977-07-26,61.250009,61.250009,60.125065,61.250009,671200,2.933758
1977-07-25,63.124992,63.124992,61.62507,61.875061,1009600,2.963696
1977-07-22,64.000034,64.125025,62.500028,63.124992,840000,3.023566
1977-07-21,64.500007,64.500007,63.500057,64.000034,642000,3.065479
1977-07-20,64.500007,65.000063,64.500007,64.625002,638800,3.095413
1977-07-19,64.000034,64.500007,64.000034,64.500007,1136400,3.089426
1977-07-18,64.500007,64.500007,64.000034,64.000034,532000,3.065479
1977-07-15,65.375045,65.375045,64.625002,64.749993,717600,3.1014
1977-07-13,65.50004,65.50004,64.625002,65.375045,448800,3.131339
1977-07-12,66.625064,66.750059,65.750026,65.875017,940000,3.155287
1977-07-11,66.125007,66.750059,66.125007,66.625064,307200,3.191212
1977-07-08,66.000012,66.374994,65.625031,66.125007,239200,3.167261
1977-07-07,65.750026,66.125007,65.375045,66.000012,625200,3.161274
1977-07-06,66.374994,66.500069,65.750026,65.750026,105600,3.1493
1977-07-05,66.125007,66.500069,66.125007,66.374994,192800,3.179235
1977-07-01,66.500069,66.500069,65.750026,66.000012,603200,3.161274
1977-06-30,66.625064,67.125036,66.500069,66.750059,258400,3.197199
1977-06-29,66.374994,66.625064,65.50004,66.625064,365600,3.191212
1977-06-28,67.000045,67.250032,66.000012,66.374994,1002000,3.179235
1977-06-27,66.87505,67.125036,66.249998,67.000045,354800,3.209173
1977-06-24,65.000063,67.000045,65.000063,66.87505,1746000,3.203186
1977-06-23,64.625002,65.000063,64.125025,65.000063,672000,3.113378
1977-06-22,65.125058,65.250053,64.500007,64.625002,423600,3.095413
1977-06-21,65.000063,65.375045,64.625002,65.125058,625200,3.119365
1977-06-20,64.749993,65.250053,64.749993,65.000063,667200,3.113378
1977-06-17,64.749993,65.000063,64.375011,64.749993,1207600,3.1014
1977-06-16,64.000034,64.875072,63.000001,64.749993,1074400,3.1014
1977-06-15,64.125025,64.125025,63.500057,64.000034,470000,3.065479
1977-06-14,64.000034,64.25002,63.250071,64.125025,549600,3.071465
1977-06-13,64.000034,64.749993,64.000034,64.000034,292000,3.065479
1977-06-10,63.750044,64.375011,63.750044,64.000034,909600,3.065479
1977-06-09,63.250071,63.750044,62.875006,63.750044,259200,3.053504
1977-06-08,62.500028,63.500057,62.500028,63.250071,489200,3.029557
1977-06-07,61.62507,62.250038,61.125014,62.000052,339600,2.969683
1977-06-06,62.750015,62.875006,61.62507,61.62507,583200,2.951722
1977-06-03,62.000052,62.750015,62.000052,62.750015,381600,3.005605
1977-06-02,61.750066,62.375033,61.750066,62.000052,1132400,2.969683
1977-06-01,61.250009,61.875061,61.250009,61.62507,342400,2.951722
1977-05-31,61.000019,61.375,60.25006,61.250009,302000,2.933758
1977-05-27,60.875028,61.750066,60.875028,61.000019,330400,2.921784
1977-05-26,62.62502,62.875006,61.750066,61.750066,448800,2.945735
1977-05-25,63.750044,64.625002,62.62502,62.62502,894000,2.987474
1977-05-24,64.625002,64.625002,63.625053,63.750044,532800,3.041143
1977-05-23,65.375045,65.375045,64.500007,64.625002,364800,3.082882
1977-05-20,64.749993,66.374994,64.500007,65.875017,668000,3.142513
1977-05-19,64.375011,65.375045,64.375011,64.749993,1317600,3.088844
1977-05-18,63.500057,65.50004,63.500057,64.375011,856000,3.070956
1977-05-17,62.875006,63.000001,62.375033,63.000001,263200,3.005363
1977-05-16,62.62502,63.250071,62.500028,62.875006,281200,2.9994
1977-05-13,62.500028,63.250071,62.500028,62.62502,411200,2.987474
1977-05-12,61.499995,63.250071,61.125014,62.375033,608400,2.975549
1977-05-11,61.499995,61.875061,61.499995,61.499995,528000,2.933806
1977-05-10,61.750066,62.000052,61.250009,61.499995,554000,2.933806
1977-05-09,60.875028,61.750066,60.875028,61.750066,524400,2.945735
1977-05-06,61.375,61.375,60.500046,60.875028,447200,2.903992
1977-05-05,62.500028,62.750015,61.750066,61.750066,449600,2.945735
1977-05-04,61.499995,62.875006,61.499995,62.500028,548800,2.981512
1977-05-03,61.000019,62.750015,61.000019,61.499995,574800,2.933806
1977-05-02,60.125065,61.000019,59.99999,61.000019,240000,2.909955
1977-04-29,59.500013,60.125065,59.000041,60.125065,292800,2.868216
1977-04-28,59.500013,59.625008,59.000041,59.500013,156000,2.838399
1977-04-27,58.750054,59.750003,58.750054,59.500013,199600,2.838399
1977-04-26,58.500068,59.000041,58.500068,58.625059,183600,2.79666
1977-04-25,59.250027,59.250027,58.249994,58.500068,373200,2.790697
1977-04-22,60.375051,60.375051,59.000041,59.250027,600800,2.826473
1977-04-21,61.000019,62.000052,60.25006,60.375051,430400,2.880141
1977-04-20,59.99999,62.000052,59.874994,61.000019,642000,2.909955
1977-04-19,59.99999,60.125065,59.750003,59.99999,134800,2.862249
1977-04-18,60.125065,60.25006,59.750003,59.99999,552800,2.862249
1977-04-15,60.500046,60.500046,59.99999,60.125065,648800,2.868216
1977-04-14,60.625041,61.250009,60.625041,60.625041,1236400,2.892067
1977-04-13,59.250027,60.25006,59.250027,60.125065,1720800,2.868216
1977-04-12,57.500035,59.250027,57.500035,59.250027,1258800,2.826473
1977-04-11,56.624997,57.250049,56.624997,57.250049,645200,2.731066
1977-04-07,55.250066,56.250016,55.250066,56.250016,390000,2.68336
1977-04-06,55.250066,55.875034,55.250066,55.250066,296000,2.635658
1977-04-05,55.625048,55.750043,54.75001,55.124991,457200,2.629692
1977-04-04,56.250016,56.375011,55.625048,55.625048,329600,2.653547
1977-04-01,56.000029,56.250016,56.000029,56.250016,389200,2.68336
1977-03-31,55.625048,55.875034,55.124991,55.625048,224800,2.653547
1977-03-30,56.375011,56.375011,55.124991,55.625048,533600,2.653547
1977-03-29,56.12502,56.875067,56.12502,56.375011,484800,2.689323
1977-03-28,56.624997,56.624997,55.625048,55.750043,411200,2.659509
1977-03-25,57.37504,57.500035,56.624997,56.749988,633600,2.707211
1977-03-24,57.750021,58.125003,57.125054,57.37504,860400,2.737028
1977-03-23,57.750021,58.125003,57.500035,57.750021,289600,2.754917
1977-03-22,58.000007,58.000007,57.625026,57.750021,189600,2.754917
1977-03-21,58.125003,58.374989,57.875016,58.125003,214800,2.772805
1977-03-18,57.750021,58.249994,57.500035,58.125003,406800,2.772805
1977-03-17,57.000062,57.750021,56.749988,57.750021,440400,2.754917
1977-03-16,57.250049,58.000007,56.749988,57.000062,318800,2.71914
1977-03-15,57.000062,57.37504,56.749988,57.250049,394400,2.731066
1977-03-14,56.500002,57.125054,56.000029,57.000062,293600,2.71914
1977-03-11,56.000029,56.500002,55.625048,56.500002,286000,2.695285
1977-03-10,56.12502,56.12502,55.750043,56.000029,250000,2.671435
1977-03-09,56.624997,56.624997,55.750043,56.12502,197200,2.677397
1977-03-08,57.125054,57.500035,56.500002,56.624997,440400,2.701248
1977-03-07,57.750021,57.750021,57.000062,57.125054,260000,2.725103
1977-03-04,57.000062,57.750021,57.000062,57.750021,426400,2.754917
1977-03-03,56.250016,56.875067,54.625015,56.875067,422000,2.713178
1977-03-02,57.000062,57.000062,56.12502,56.250016,478400,2.68336
1977-03-01,55.750043,57.000062,55.750043,57.000062,401200,2.71914
1977-02-28,55.750043,55.750043,54.875001,55.500053,818400,2.647584
1977-02-25,55.250066,56.000029,55.250066,55.625048,397600,2.641621
1977-02-24,55.750043,56.000029,54.999996,55.250066,410400,2.623813
1977-02-23,56.749988,56.875067,55.625048,55.750043,781200,2.647557
1977-02-22,56.624997,57.250049,56.624997,56.749988,288400,2.695044
1977-02-18,57.000062,57.250049,56.375011,56.375011,360800,2.677237
1977-02-17,57.37504,58.000007,56.500002,57.000062,554000,2.70692
1977-02-16,57.37504,58.000007,57.37504,57.37504,336400,2.724728
1977-02-15,57.000062,57.625026,56.500002,57.250049,805600,2.718792
1977-02-14,56.250016,57.250049,56.12502,57.000062,200400,2.70692
1977-02-11,57.000062,57.250049,55.375062,56.250016,910400,2.671301
1977-02-10,57.250049,58.000007,56.749988,57.000062,435600,2.70692
1977-02-09,58.249994,58.249994,57.250049,57.250049,684800,2.718792
1977-02-08,58.625059,59.000041,58.000007,58.374989,428800,2.772215
1977-02-07,59.125036,59.250027,57.750021,58.625059,826000,2.784091
1977-02-04,58.750054,59.750003,58.750054,59.125036,903200,2.807835
1977-02-03,58.500068,59.000041,58.000007,58.374989,1015600,2.772215
1977-02-02,59.000041,59.874994,58.249994,58.500068,797200,2.778155
1977-02-01,58.125003,59.125036,58.125003,59.000041,675600,2.801899
1977-01-31,55.750043,57.250049,55.750043,57.000062,940800,2.70692
1977-01-28,54.999996,55.625048,54.999996,55.500053,623600,2.635685
1977-01-27,54.75001,55.875034,54.500024,54.875001,730000,2.606002
1977-01-26,56.000029,56.000029,54.75001,54.75001,1204400,2.600066
1977-01-25,58.000007,58.750054,55.875034,56.000029,1555200,2.659429
1977-01-24,60.125065,60.25006,57.750021,58.000007,1116400,2.754407
1977-01-21,59.625008,60.500046,59.250027,60.125065,310400,2.855326
1977-01-20,59.874994,60.500046,59.500013,59.625008,564800,2.831578
1977-01-19,59.750003,59.99999,59.000041,59.874994,596800,2.84345
1977-01-18,59.874994,60.125065,59.125036,59.750003,620800,2.837514
1977-01-17,60.125065,60.375051,59.500013,59.874994,537200,2.84345
1977-01-14,59.99999,60.125065,59.250027,60.125065,1211200,2.855326
1977-01-13,58.249994,59.99999,58.249994,59.99999,804800,2.849386
1977-01-12,58.249994,58.500068,57.500035,58.249994,683200,2.766279
1977-01-11,60.25006,60.25006,57.500035,58.249994,2035600,2.766279
1977-01-10,59.625008,60.25006,59.375022,60.25006,763600,2.861262
1977-01-07,60.500046,60.500046,59.375022,59.625008,717600,2.831578
1977-01-06,61.250009,61.750066,60.500046,60.625041,500000,2.87907
1977-01-05,61.62507,62.250038,61.000019,61.250009,868800,2.908749
1977-01-04,64.125025,64.25002,61.62507,61.62507,678800,2.926561
1977-01-03,64.875072,64.875072,63.625053,64.125025,378400,3.045283
1976-12-31,64.500007,65.250053,64.375011,65.125058,348000,3.092775
1976-12-30,65.000063,65.250053,64.500007,64.500007,465600,3.063091
1976-12-29,65.875017,65.875017,65.000063,65.000063,596000,3.086839
1976-12-28,65.50004,66.249998,65.50004,65.875017,512800,3.12839
1976-12-27,64.749993,65.50004,64.749993,65.250053,651200,3.098711
1976-12-23,64.000034,65.125058,64.000034,64.749993,524400,3.074963
1976-12-22,64.000034,64.749993,64.000034,64.000034,591600,3.039347
1976-12-21,63.000001,63.750044,62.750015,63.625053,484800,3.02154
1976-12-20,62.62502,63.625053,62.62502,63.000001,949200,2.991856
1976-12-17,63.500057,64.000034,61.750066,62.250038,1206800,2.95624
1976-12-16,64.25002,64.25002,62.875006,63.500057,511200,3.015604
1976-12-15,65.250053,65.875017,64.25002,64.375011,684800,3.057155
1976-12-14,65.000063,65.50004,64.500007,65.250053,721600,3.098711
1976-12-13,65.250053,65.50004,64.875072,65.000063,454000,3.086839
1976-12-10,65.750026,66.249998,64.749993,65.250053,591600,3.098711
1976-12-09,66.125007,66.625064,65.50004,65.750026,518400,3.122454
1976-12-08,65.750026,66.374994,65.750026,66.125007,482400,3.140262
1976-12-07,65.875017,66.500069,65.625031,65.625031,289600,3.116518
1976-12-06,65.750026,66.249998,65.625031,65.875017,574800,3.12839
1976-12-03,66.125007,66.125007,65.50004,65.750026,285200,3.122454
1976-12-02,66.625064,66.87505,66.000012,66.249998,361600,3.146198
1976-12-01,65.375045,66.625064,65.375045,66.625064,575600,3.164009
1976-11-30,64.500007,65.750026,64.375011,65.375045,198000,3.104646
1976-11-29,64.375011,65.375045,64.375011,64.500007,393600,3.063091
1976-11-26,65.250053,66.000012,65.000063,65.250053,282000,3.080664
1976-11-24,65.375045,65.50004,65.000063,65.250053,448000,3.080664
1976-11-23,65.625031,66.000012,64.25002,65.375045,533600,3.086565
1976-11-22,65.50004,65.875017,65.375045,65.625031,298000,3.098367
1976-11-19,65.250053,66.374994,65.000063,65.50004,1028000,3.092466
1976-11-18,64.25002,65.50004,64.25002,65.250053,444800,3.080664
1976-11-17,63.875039,64.749993,63.625053,64.125025,262400,3.027547
1976-11-16,63.375066,64.625002,63.375066,63.875039,444000,3.015745
1976-11-15,61.750066,63.500057,61.499995,63.375066,344000,2.992139
1976-11-12,62.500028,62.750015,61.499995,61.750066,271600,2.915418
1976-11-11,61.62507,62.750015,61.62507,62.500028,388400,2.950826
1976-11-10,61.000019,62.000052,61.000019,61.62507,537200,2.909517
1976-11-09,62.000052,62.500028,60.750032,61.000019,1207600,2.880006
1976-11-08,62.250038,62.250038,61.499995,62.000052,560400,2.927221
1976-11-05,63.124992,63.124992,62.250038,62.500028,184400,2.950826
1976-11-04,63.124992,63.875039,63.124992,63.375066,242400,2.992139
1976-11-03,63.250071,63.250071,62.000052,62.750015,354800,2.962629
1976-11-01,63.750044,63.750044,62.750015,63.500057,250000,2.998041
1976-10-29,64.125025,64.500007,63.250071,64.125025,307200,3.027547
1976-10-28,64.375011,64.875072,64.000034,64.125025,394400,3.027547
1976-10-27,63.750044,64.375011,63.750044,64.375011,382400,3.03935
1976-10-26,62.750015,63.500057,62.750015,63.250071,524400,2.986238
1976-10-25,62.250038,62.500028,62.125047,62.375033,364800,2.944925
1976-10-22,62.250038,62.500028,61.499995,62.250038,484800,2.939023
1976-10-21,63.625053,63.625053,62.250038,62.250038,646000,2.939023
1976-10-20,62.62502,64.25002,62.125047,64.000034,290400,3.021646
1976-10-19,63.750044,63.750044,62.375033,62.62502,504400,2.956727
1976-10-18,64.500007,64.749993,63.625053,63.875039,474800,3.015745
1976-10-15,65.125058,65.50004,64.500007,64.500007,381600,3.045251
1976-10-14,65.875017,65.875017,65.125058,65.125058,250800,3.074762
1976-10-13,65.750026,66.500069,65.375045,66.000012,977600,3.116072
1976-10-12,65.875017,66.374994,65.125058,65.750026,214000,3.104269
1976-10-11,66.249998,66.249998,65.375045,65.875017,163600,3.11017
1976-10-08,65.875017,66.374994,65.375045,66.249998,382400,3.127874
1976-10-07,65.375045,66.000012,65.125058,65.875017,209600,3.11017
1976-10-06,65.625031,66.125007,64.500007,65.375045,588400,3.086565
1976-10-05,66.000012,66.000012,64.625002,65.625031,290400,3.098367
1976-10-04,65.875017,66.249998,65.750026,66.000012,171200,3.116072
1976-10-01,67.625013,67.625013,65.50004,65.875017,460800,3.11017
1976-09-30,67.500022,68.125074,67.250032,67.750004,1220400,3.198694
1976-09-29,68.500047,68.500047,67.500022,67.500022,222400,3.186892
1976-09-28,69.25001,69.625079,67.874995,68.500047,608400,3.234106
1976-09-27,68.750037,69.50,68.500047,69.25001,369200,3.269514
1976-09-24,68.125074,69.000027,68.000074,68.750037,314400,3.245909
1976-09-23,68.750037,68.750037,67.500022,68.125074,577200,3.216402
1976-09-22,69.125019,69.50,68.125074,68.750037,629200,3.245909
1976-09-21,68.625046,69.375009,68.375056,69.125019,616000,3.263613
1976-09-20,68.500047,69.375009,68.250065,68.625046,763600,3.240008
1976-09-17,67.125036,68.875028,67.125036,68.500047,814000,3.234106
1976-09-16,65.50004,67.125036,65.50004,67.000045,717600,3.163286
1976-09-15,65.125058,65.750026,64.749993,65.50004,264400,3.092466
1976-09-14,64.875072,65.250053,64.000034,65.125058,406800,3.074762
1976-09-13,65.250053,65.875017,64.749993,64.875072,431200,3.06296
1976-09-10,65.125058,65.50004,64.875072,65.250053,275200,3.080664
1976-09-09,66.125007,66.125007,64.625002,65.125058,651200,3.074762
1976-09-08,66.249998,67.000045,66.125007,66.125007,210400,3.121973
1976-09-07,66.125007,66.625064,66.000012,66.249998,267600,3.127874
1976-09-03,66.500069,66.500069,65.750026,66.125007,535200,3.121973
1976-09-02,66.374994,67.000045,65.625031,66.625064,712400,3.145582
1976-09-01,65.000063,66.750059,65.000063,66.374994,507600,3.133776
1976-08-31,64.000034,65.375045,63.875039,65.000063,810000,3.068861
1976-08-30,62.125047,64.500007,62.125047,64.000034,514400,3.021646
1976-08-27,61.750066,62.500028,61.000019,62.125047,243200,2.926511
1976-08-26,64.125025,64.500007,61.750066,61.750066,566400,2.908847
1976-08-25,63.500057,64.375011,62.500028,64.125025,356400,3.020724
1976-08-24,63.000001,63.875039,62.62502,63.500057,402800,2.991284
1976-08-23,62.375033,63.000001,61.750066,63.000001,269200,2.967728
1976-08-20,63.000001,63.000001,62.250038,62.375033,352400,2.938287
1976-08-19,64.000034,64.125025,62.875006,63.000001,713200,2.967728
1976-08-18,64.25002,64.500007,63.625053,64.000034,310400,3.014836
1976-08-17,64.000034,64.625002,63.875039,64.25002,788800,3.026612
1976-08-16,64.000034,64.25002,63.250071,64.000034,406000,3.014836
1976-08-13,65.000063,65.000063,64.000034,64.000034,381600,3.014836
1976-08-12,64.875072,65.125058,64.625002,65.000063,390000,3.061944
1976-08-11,64.375011,65.250053,64.125025,64.875072,818400,3.056056
1976-08-10,63.250071,64.500007,63.250071,64.375011,258400,3.0325
1976-08-09,62.250038,62.875006,62.125047,62.875006,130000,2.961839
1976-08-06,62.375033,62.500028,61.875061,62.250038,171200,2.932399
1976-08-05,62.750015,62.750015,61.750066,62.375033,176000,2.938287
1976-08-04,62.500028,64.000034,62.500028,62.750015,273600,2.955951
1976-08-03,61.000019,62.375033,60.25006,62.375033,168400,2.938287
1976-08-02,61.375,61.499995,60.750032,61.000019,350800,2.873515
1976-07-30,60.500046,61.62507,60.125065,61.375,246400,2.891179
1976-07-29,60.125065,60.750032,59.874994,60.500046,188800,2.849963
1976-07-28,60.625041,60.625041,59.625008,60.125065,374000,2.832299
1976-07-27,60.750032,61.250009,60.750032,60.750032,254800,2.861739
1976-07-26,60.750032,60.875028,60.25006,60.625041,113200,2.855851
1976-07-23,60.500046,60.750032,60.25006,60.750032,311200,2.861739
1976-07-22,61.125014,61.125014,60.125065,60.500046,181200,2.849963
1976-07-21,60.25006,61.125014,60.25006,61.125014,360800,2.879403
1976-07-20,61.499995,61.499995,59.375022,59.99999,558000,2.826407
1976-07-19,61.750066,62.375033,61.750066,62.250038,334000,2.932399
1976-07-16,62.62502,62.62502,61.62507,61.62507,275200,2.902959
1976-07-15,64.500007,64.500007,62.500028,63.000001,332400,2.967728
1976-07-14,63.750044,64.625002,63.500057,64.500007,484800,3.038388
1976-07-13,63.875039,64.625002,63.750044,63.750044,570800,3.00306
1976-07-12,63.500057,64.375011,63.250071,63.875039,562400,3.008948
1976-07-09,63.500057,64.000034,63.000001,63.500057,288400,2.991284
1976-07-08,63.750044,64.500007,63.375066,63.500057,524400,2.991284
1976-07-07,64.000034,64.625002,63.250071,63.750044,314400,3.00306
1976-07-06,63.875039,64.500007,63.875039,64.000034,260000,3.014836
1976-07-02,63.375066,63.875039,63.375066,63.750044,268400,3.00306
1976-07-01,63.500057,63.500057,62.750015,63.124992,500000,2.973615
1976-06-30,63.250071,64.000034,63.000001,63.625053,285200,2.997172
1976-06-29,61.499995,63.250071,61.250009,63.250071,456400,2.979508
1976-06-28,61.499995,62.375033,61.250009,61.499995,472400,2.897067
1976-06-25,61.000019,61.750066,60.875028,61.499995,548800,2.897067
1976-06-24,61.125014,61.750066,61.000019,61.000019,511200,2.873515
1976-06-23,61.125014,61.125014,60.375051,61.125014,431200,2.879403
1976-06-22,61.875061,61.875061,61.125014,61.375,479200,2.891179
1976-06-21,61.875061,62.125047,61.499995,62.000052,378400,2.920623
1976-06-18,62.375033,62.875006,61.875061,61.875061,560400,2.914735
1976-06-17,62.000052,63.375066,61.62507,62.375033,1144800,2.938287
1976-06-16,62.250038,62.375033,61.125014,62.000052,626000,2.920623
1976-06-15,63.000001,63.000001,61.250009,62.250038,1182400,2.932399
1976-06-14,61.875061,63.500057,61.750066,63.124992,885600,2.973615
1976-06-11,60.125065,61.875061,60.125065,61.875061,1099600,2.914735
1976-06-10,59.375022,60.125065,59.000041,59.99999,992800,2.826407
1976-06-09,59.000041,59.750003,58.374989,59.375022,461600,2.796966
1976-06-08,58.750054,59.625008,58.750054,59.000041,477600,2.779302
1976-06-07,57.750021,59.125036,57.000062,58.500068,365600,2.75575
1976-06-04,58.374989,58.500068,57.750021,57.750021,700800,2.720418
1976-06-03,58.249994,59.000041,58.249994,58.374989,646000,2.749858
1976-06-02,55.500053,57.500035,55.124991,57.37504,603200,2.702754
1976-06-01,55.500053,55.625048,54.500024,55.500053,373200,2.614429
1976-05-28,55.500053,55.500053,54.375028,55.500053,574800,2.614429
1976-05-27,55.124991,55.124991,54.000047,54.250037,500000,2.548949
1976-05-26,54.875001,55.375062,54.375028,55.250066,486800,2.595936
1976-05-25,54.250037,54.875001,54.250037,54.875001,348000,2.578313
1976-05-24,55.875034,55.875034,54.000047,54.250037,227200,2.548949
1976-05-21,56.624997,56.749988,55.625048,55.875034,507600,2.6253
1976-05-20,54.000047,57.000062,53.750061,56.624997,772000,2.660537
1976-05-19,52.875023,54.500024,52.750028,54.000047,464000,2.537203
1976-05-18,52.37505,53.000018,52.37505,52.875023,340800,2.484344
1976-05-17,52.250055,52.250055,51.749999,52.250055,386800,2.454979
1976-05-14,52.750028,52.750028,51.999985,52.37505,472400,2.460852
1976-05-13,53.62507,53.750061,52.500041,52.750028,377600,2.478471
1976-05-12,53.250004,53.62507,52.875023,53.62507,422000,2.519585
1976-05-11,54.375028,54.500024,53.125009,53.250004,688800,2.501962
1976-05-10,52.750028,54.500024,52.750028,54.375028,814000,2.554822
1976-05-07,50.75005,52.37505,50.75005,52.37505,322000,2.460852
1976-05-06,50.875045,51.500012,50.625054,50.625054,201200,2.378628
1976-05-05,50.875045,51.500012,50.249993,50.875045,352400,2.390374
1976-05-04,50.124998,51.000036,50.124998,50.875045,264400,2.390374
1976-05-03,50.124998,50.374984,49.750016,50.124998,189600,2.355133
1976-04-30,50.124998,50.124998,50.124998,50.124998,000,2.355133
1976-04-29,151.50031,152.375181,150.250202,150.750099,390000,2.361008
1976-04-28,152.375181,152.375181,150.750099,151.50031,208800,2.372758
1976-04-27,151.50031,153.375215,151.50031,152.875318,314400,2.394293
1976-04-26,151.50031,152.125106,150.750099,151.50031,221600,2.372758
1976-04-23,154.125174,155.375283,151.50031,151.50031,455600,2.372758
1976-04-22,154.625311,154.875134,153.375215,154.125174,405200,2.413868
1976-04-21,151.750133,154.875134,151.750133,154.625311,707600,2.421701
1976-04-20,147.750249,151.50031,147.750249,150.750099,1047600,2.361008
1976-04-19,144.250263,147.00029,144.250263,147.00029,548800,2.30228
1976-04-15,145.500107,145.750181,143.250229,143.500291,342400,2.247463
1976-04-14,147.750249,148.500209,145.500107,145.500107,367600,2.278784
1976-04-13,147.00029,148.000324,146.250078,147.750249,329600,2.314025
1976-04-12,145.750181,147.750249,145.750181,147.00029,405200,2.30228
1976-04-09,145.750181,147.00029,145.500107,145.750181,720000,2.282701
1976-04-08,147.2501,147.2501,145.750181,145.750181,486000,2.282701
1976-04-07,149.500242,149.500242,147.00029,147.750249,606800,2.314025
1976-04-06,151.50031,151.50031,148.750283,149.500242,443200,2.341433
1976-04-05,149.250168,152.375181,149.250168,151.750133,385200,2.37667
1976-04-02,150.000127,150.250202,148.000324,149.250168,667200,2.337517
1976-04-01,150.750099,151.50031,148.750283,150.000127,758000,2.349262
1976-03-31,149.000105,151.50031,149.000105,150.750099,279200,2.361008
1976-03-30,150.250202,150.750099,148.750283,149.000105,704800,2.3336
1976-03-29,152.375181,153.375215,150.250202,150.250202,377600,2.353179
1976-03-26,151.50031,153.8751,151.000161,152.375181,254000,2.38646
1976-03-25,152.375181,152.375181,150.750099,151.50031,579200,2.372758
1976-03-24,153.12514,155.375283,153.12514,153.375215,939200,2.402122
1976-03-23,150.250202,153.375215,150.250202,152.625255,883600,2.390376
1976-03-22,147.750249,150.250202,147.750249,149.000105,541200,2.3336
1976-03-19,143.750114,146.500141,142.75008,146.500141,636800,2.294446
1976-03-18,141.750298,144.000188,141.250161,143.750114,657200,2.251376
1976-03-17,141.750298,142.75008,140.500201,141.750298,498400,2.220056
1976-03-16,139.750242,141.750298,139.750242,141.750298,632000,2.220056
1976-03-15,140.250127,141.250161,139.000271,139.750242,745200,2.188731
1976-03-12,141.750298,141.750298,140.250127,140.250127,468400,2.19656
1976-03-11,141.000086,142.00012,139.500168,142.00012,586400,2.223968
1976-03-10,142.75008,144.250263,141.000086,141.000086,657200,2.208306
1976-03-09,142.00012,144.750147,142.00012,142.75008,1309200,2.235714
1976-03-08,136.75014,141.250161,136.75014,141.000086,783200,2.208306
1976-03-05,136.000181,136.500066,133.375065,136.500066,1959200,2.137828
1976-03-04,142.75008,143.500291,136.000181,136.000181,1186000,2.129999
1976-03-03,147.2501,147.2501,142.500269,142.75008,1120400,2.235714
1976-03-02,148.500209,150.250202,147.750249,148.500209,682400,2.325771
1976-03-01,147.00029,148.750283,147.00029,148.500209,241600,2.325771
1976-02-27,148.750283,149.500242,147.00029,148.500209,742800,2.319192
1976-02-26,151.250236,151.250236,147.500175,148.750283,846000,2.323097
1976-02-25,153.12514,153.12514,150.000127,151.250236,1316800,2.36214
1976-02-24,153.12514,155.375283,151.750133,153.12514,1002000,2.391422
1976-02-23,156.125242,156.125242,151.50031,153.12514,506000,2.391422
1976-02-20,157.875235,157.875235,155.625093,156.125242,1160800,2.438275
1976-02-19,150.750099,158.12531,149.500242,158.12531,1072800,2.469511
1976-02-18,151.50031,152.375181,150.250202,150.750099,833200,2.354329
1976-02-17,153.375215,154.375249,151.000161,151.50031,473200,2.366046
1976-02-13,157.375086,157.375086,151.750133,153.375215,511200,2.395327
1976-02-12,158.875269,160.375188,157.625161,158.12531,493200,2.469511
1976-02-11,158.625195,159.875303,158.625195,158.875269,480800,2.481224
1976-02-10,157.875235,158.625195,157.125276,157.875235,574000,2.465606
1976-02-09,157.625161,159.875303,157.625161,157.875235,266800,2.465606
1976-02-06,159.875303,159.875303,156.625127,157.375086,908800,2.457795
1976-02-05,162.62533,165.875242,162.375256,162.375256,629200,2.535885
1976-02-04,156.875201,162.62533,156.875201,162.62533,712400,2.53979
1976-02-03,153.625277,156.125242,153.12514,156.125242,1551200,2.438275
1976-02-02,154.875134,156.125242,153.625277,153.625277,568800,2.399232
1976-01-30,154.125174,154.875134,153.12514,154.875134,820800,2.418752
1976-01-29,151.750133,154.125174,151.50031,154.125174,901200,2.407039
1976-01-28,152.375181,152.375181,150.250202,151.750133,888800,2.369947
1976-01-27,151.250236,153.375215,150.750099,152.375181,969200,2.379709
1976-01-26,151.50031,151.750133,150.750099,151.250236,418000,2.36214
1976-01-23,152.375181,153.375215,150.750099,151.50031,745200,2.366046
1976-01-22,151.000161,153.8751,151.000161,152.375181,1060000,2.379709
1976-01-21,155.125208,155.125208,151.000161,151.000161,415200,2.358235
1976-01-20,156.875201,156.875201,154.625311,156.125242,503600,2.438275
1976-01-19,157.375086,157.375086,154.625311,157.375086,856000,2.457795
1976-01-16,158.875269,158.875269,156.625127,157.375086,818400,2.457795
1976-01-15,159.875303,160.625262,158.625195,158.875269,662000,2.481224
1976-01-14,158.12531,159.875303,157.875235,159.875303,543600,2.496842
1976-01-13,160.875337,161.375222,157.875235,158.12531,737600,2.469511
1976-01-12,158.875269,161.375222,157.125276,160.875337,568800,2.51246
1976-01-09,157.625161,160.875337,157.625161,158.875269,1052400,2.481224
1976-01-08,155.375283,158.37512,153.8751,157.125276,654400,2.453893
1976-01-07,154.125174,157.375086,153.8751,155.375283,820800,2.426563
1976-01-06,151.000161,154.625311,151.000161,154.125174,1052400,2.407039
1976-01-05,148.500209,151.000161,148.500209,151.000161,687200,2.358235
1976-01-02,147.00029,149.250168,147.00029,148.500209,228800,2.319192
1975-12-31,146.250078,147.2501,146.250078,146.250078,90400,2.284051
1975-12-30,146.250078,147.2501,145.500107,146.250078,360000,2.284051
1975-12-29,146.250078,148.250134,145.500107,146.250078,397600,2.284051
1975-12-26,143.500291,146.250078,143.500291,146.250078,113200,2.284051
1975-12-24,140.500201,142.500269,140.500201,142.500269,221600,2.225488
1975-12-23,138.750208,139.750242,138.000249,139.500168,730000,2.178634
1975-12-22,142.00012,142.00012,138.750208,138.750208,354800,2.166922
1975-12-19,142.00012,142.75008,141.000086,142.00012,289600,2.217677
1975-12-18,142.00012,144.000188,142.00012,142.00012,354800,2.217677
1975-12-17,141.250161,141.750298,141.000086,141.250161,364800,2.205965
1975-12-16,140.500201,142.250195,140.500201,141.250161,561200,2.205965
1975-12-15,139.750242,140.500201,139.750242,140.250127,234000,2.190347
1975-12-12,140.500201,140.500201,139.000271,139.750242,203600,2.18254
1975-12-11,141.750298,142.250195,140.500201,140.500201,392800,2.194252
1975-12-10,139.250093,141.750298,139.000271,141.750298,322000,2.213776
1975-12-09,136.500066,139.250093,136.500066,139.250093,292000,2.174729
1975-12-08,136.000181,137.5001,135.500284,136.500066,289600,2.131781
1975-12-05,136.75014,137.250277,136.000181,136.000181,372400,2.123974
1975-12-04,137.250277,138.000249,136.000181,136.75014,493200,2.135686
1975-12-03,139.000271,139.500168,136.75014,137.250277,392800,2.143497
1975-12-02,142.00012,142.00012,139.000271,139.000271,531200,2.170827
1975-12-01,144.250263,144.250263,142.00012,142.00012,354800,2.217677
1975-11-28,141.250161,143.750114,141.250161,143.750114,309600,2.239855
1975-11-26,139.000271,140.750264,139.000271,140.250127,390000,2.18532
1975-11-25,136.500066,138.250059,136.500066,138.250059,1128000,2.154156
1975-11-24,134.750073,136.000181,133.875202,135.500284,543600,2.11131
1975-11-21,133.875202,135.000147,133.375065,134.750073,498400,2.09962
1975-11-20,135.500284,135.500284,133.375065,133.875202,543600,2.085989
1975-11-19,138.250059,138.500134,135.000147,135.500284,594000,2.11131
1975-11-18,142.75008,142.75008,138.000249,138.250059,528800,2.154156
1975-11-17,142.00012,142.75008,142.00012,142.75008,322000,2.224273
1975-11-14,144.000188,144.250263,141.750298,142.00012,755200,2.212588
1975-11-13,139.500168,145.000222,139.500168,144.000188,1342000,2.243752
1975-11-12,136.75014,139.500168,136.75014,139.500168,868800,2.173634
1975-11-11,134.250188,136.75014,134.250188,136.000181,704800,2.119099
1975-11-10,134.50025,135.000147,132.875168,134.250188,1034800,2.091831
1975-11-07,138.750208,138.750208,133.875202,134.50025,682400,2.095728
1975-11-06,141.000086,141.000086,138.000249,138.750208,1422800,2.161949
1975-11-05,142.75008,144.250263,140.500201,141.000086,1190800,2.197006
1975-11-04,139.750242,144.250263,139.750242,142.75008,435600,2.224273
1975-11-03,140.500201,140.500201,139.000271,139.750242,692400,2.177531
1975-10-31,144.500073,144.500073,141.250161,142.00012,586400,2.212588
1975-10-30,144.750147,145.750181,144.750147,144.750147,783200,2.255437
1975-10-29,144.000188,145.500107,143.500291,144.500073,405200,2.251541
1975-10-28,146.250078,146.250078,141.250161,144.000188,1468000,2.243752
1975-10-27,144.750147,146.250078,144.250263,146.250078,788000,2.278809
1975-10-24,144.250263,144.750147,143.500291,144.750147,632000,2.255437
1975-10-23,143.250229,144.250263,142.75008,144.250263,1626800,2.247648
1975-10-22,142.00012,143.250229,140.250127,143.250229,946800,2.232066
1975-10-21,144.250263,144.250263,141.250161,142.00012,1883600,2.212588
1975-10-20,143.500291,145.000222,141.000086,145.000222,1720000,2.259334
1975-10-17,147.750249,147.750249,142.75008,143.500291,1223600,2.235963
1975-10-16,150.000127,151.750133,148.500209,148.750283,1211200,2.317766
1975-10-15,154.625311,154.625311,150.000127,150.000127,3444800,2.337241
1975-10-14,156.125242,157.625161,153.8751,154.625311,556400,2.409308
1975-10-13,156.125242,156.125242,153.8751,156.125242,214000,2.43268
1975-10-10,158.37512,158.37512,156.375305,156.375305,367600,2.436576
1975-10-09,158.12531,159.625229,158.12531,159.375154,468400,2.483318
1975-10-08,157.625161,159.375154,156.375305,157.375086,493200,2.452154
1975-10-07,158.37512,158.37512,156.375305,157.625161,667200,2.456051
1975-10-06,160.875337,160.875337,158.37512,158.875269,528800,2.475529
1975-10-03,156.375305,160.875337,156.375305,160.875337,619200,2.506694
1975-10-02,155.625093,157.125276,154.625311,156.375305,506000,2.436576
1975-10-01,156.875201,157.625161,155.375283,155.625093,795600,2.424886
1975-09-30,160.875337,160.875337,156.375305,156.875201,725200,2.444365
1975-09-29,164.875208,164.875208,162.125181,162.125181,322000,2.526168
1975-09-26,164.625134,165.375105,163.37529,164.875208,296800,2.569018
1975-09-25,164.125249,164.625134,162.62533,164.625134,317200,2.565121
1975-09-24,163.125215,165.375105,163.125215,164.125249,468400,2.557332
1975-09-23,162.62533,162.875141,161.375222,162.375256,644400,2.530065
1975-09-22,163.125215,164.125249,161.875107,162.62533,594000,2.533961
1975-09-19,163.875175,165.625168,163.125215,163.125215,644400,2.54175
1975-09-18,163.125215,163.875175,161.625296,163.875175,579200,2.553436
1975-09-17,162.875141,163.37529,161.625296,163.125215,418000,2.54175
1975-09-16,163.875175,165.125283,162.62533,162.875141,385200,2.537854
1975-09-15,163.875175,164.125249,163.37529,163.875175,422800,2.553436
1975-09-12,164.625134,168.125133,163.875175,163.875175,380000,2.553436
1975-09-11,163.875175,165.625168,163.125215,164.625134,443200,2.565121
1975-09-10,164.875208,164.875208,163.125215,163.875175,838400,2.553436
1975-09-09,166.375139,166.875276,164.625134,164.875208,405200,2.569018
1975-09-08,165.875242,167.125099,163.37529,166.375139,453200,2.592389
1975-09-05,165.375105,165.875242,163.37529,165.875242,490800,2.5846
1975-09-04,163.625112,166.375139,163.625112,165.375105,574000,2.576807
1975-09-03,162.62533,162.875141,159.875303,162.875141,422800,2.537854
1975-09-02,165.875242,165.875242,162.125181,162.62533,314400,2.533961
1975-08-29,168.375195,168.375195,166.875276,167.125099,380000,2.604075
1975-08-28,166.375139,168.375195,166.375139,167.87531,360000,2.610624
1975-08-27,162.62533,164.875208,161.375222,164.875208,241600,2.56397
1975-08-26,165.375105,165.375105,162.125181,162.62533,422800,2.528982
1975-08-25,164.875208,166.875276,164.875208,165.625168,536400,2.575632
1975-08-22,161.125147,164.125249,161.125147,164.125249,480800,2.552307
1975-08-21,161.875107,163.625112,161.125147,161.125147,846000,2.505652
1975-08-20,164.125249,164.125249,161.375222,161.875107,762800,2.517315
1975-08-19,165.875242,165.875242,163.875175,164.125249,669600,2.552307
1975-08-18,165.875242,167.375161,165.625168,166.375139,266800,2.587295
1975-08-15,165.125283,166.375139,165.125283,165.875242,473200,2.579521
1975-08-14,164.875208,165.125283,163.625112,164.875208,103200,2.56397
1975-08-13,166.375139,166.375139,163.625112,164.875208,397600,2.56397
1975-08-12,165.375105,168.125133,165.375105,167.125099,221600,2.598958
1975-08-11,164.625134,164.875208,163.37529,164.125249,418000,2.552307
1975-08-08,165.875242,165.875242,164.625134,164.625134,304400,2.560081
1975-08-07,165.625168,166.625202,165.125283,166.375139,498400,2.587295
1975-08-06,166.375139,166.375139,163.125215,165.625168,636800,2.575632
1975-08-05,167.87531,169.125166,165.625168,166.625202,241600,2.591184
1975-08-04,172.000345,172.000345,167.625236,167.87531,354800,2.610624
1975-08-01,173.75035,173.75035,172.250167,172.500242,153600,2.682546
1975-07-31,174.250235,176.000229,174.250235,174.50031,264400,2.713649
1975-07-30,172.000345,174.50031,172.000345,173.500276,221600,2.698098
1975-07-29,173.500276,175.000195,171.750283,171.750283,354800,2.670884
1975-07-28,173.75035,174.50031,172.250167,173.500276,208800,2.698098
1975-07-25,173.75035,175.500344,173.75035,173.75035,178800,2.701987
1975-07-24,174.000161,174.50031,172.000345,173.75035,448000,2.701987
1975-07-23,175.000195,176.250303,174.000161,174.000161,234000,2.705871
1975-07-22,174.000161,176.250303,172.500242,175.000195,334800,2.721423
1975-07-21,176.500125,178.000296,174.000161,174.000161,402800,2.705871
1975-07-18,178.750256,178.750256,176.250303,176.500125,435600,2.744748
1975-07-17,181.000146,183.250276,180.000112,180.000112,234000,2.799176
1975-07-16,185.500166,185.500166,180.250174,181.000146,221600,2.814728
1975-07-15,185.250344,186.250126,184.750207,185.500166,292000,2.884708
1975-07-14,184.750207,186.000303,182.500317,185.250344,254000,2.880823
1975-07-11,184.750207,184.750207,183.000202,184.750207,644400,2.873045
1975-07-10,184.000236,186.250126,184.000236,184.750207,800800,2.873045
1975-07-09,182.00018,184.000236,182.00018,183.750173,418000,2.857494
1975-07-08,179.500215,181.750357,179.500215,181.000146,228800,2.814728
1975-07-07,182.500317,182.500317,179.500215,179.500215,196400,2.791403
1975-07-03,180.250174,183.750173,178.500181,183.000202,448000,2.845831
1975-07-02,181.250208,181.250208,178.750256,180.250174,397600,2.803065
1975-07-01,186.250126,186.250126,182.500317,182.500317,392800,2.838057
1975-06-30,187.500234,188.875242,187.000337,187.500234,251600,2.915811
1975-06-27,188.125282,188.125282,186.5002,187.500234,271600,2.915811
1975-06-26,185.00027,188.125282,185.00027,188.125282,347200,2.925531
1975-06-25,184.000236,186.000303,183.750173,184.750207,700000,2.873045
1975-06-24,179.75029,185.500166,179.75029,184.000236,707600,2.861382
1975-06-23,177.500147,179.75029,176.250303,179.75029,284400,2.795291
1975-06-20,174.50031,177.500147,174.50031,177.500147,616800,2.7603
1975-06-19,171.500208,175.000195,170.750249,174.250235,390000,2.70976
1975-06-18,170.750249,172.500242,169.375229,171.500208,266800,2.666995
1975-06-17,172.000345,173.000127,170.750249,170.750249,342400,2.655332
1975-06-16,171.000323,172.000345,170.000289,172.000345,304400,2.674772
1975-06-13,165.375105,171.000323,164.875208,171.000323,486000,2.659221
1975-06-12,166.375139,167.375161,165.375105,165.375105,191200,2.571743
1975-06-11,164.875208,167.125099,164.875208,166.375139,443200,2.587295
1975-06-10,168.875344,168.875344,164.375324,164.375324,642000,2.556196
1975-06-09,172.000345,172.000345,169.375229,170.000289,284400,2.64367
1975-06-06,173.250201,174.50031,171.500208,173.000127,329600,2.69032
1975-06-05,172.750316,173.500276,171.500208,173.250201,339600,2.694209
1975-06-04,173.000127,174.000161,171.500208,172.750316,329600,2.686435
1975-06-03,173.500276,174.000161,172.250167,173.000127,455600,2.69032
1975-06-02,169.375229,174.000161,169.375229,173.500276,1840800,2.698098
1975-05-30,167.375161,169.375229,167.375161,168.62527,725200,2.617156
1975-05-29,165.625168,167.125099,165.375105,166.375139,214000,2.582233
1975-05-28,166.375139,167.625236,165.125283,165.625168,385200,2.570593
1975-05-27,167.625236,167.87531,165.875242,166.375139,402800,2.582233
1975-05-23,166.375139,168.375195,166.375139,167.625236,606800,2.601635
1975-05-22,161.625296,164.875208,161.125147,164.625134,430400,2.555072
1975-05-21,160.375188,162.62533,158.875269,161.625296,1480400,2.508513
1975-05-20,158.625195,161.375222,158.625195,160.375188,415200,2.489111
1975-05-19,159.625229,159.625229,158.12531,158.12531,523600,2.454191
1975-05-16,160.125113,160.625262,159.375154,159.625229,216400,2.477471
1975-05-15,161.125147,162.875141,159.625229,160.125113,732800,2.485229
1975-05-14,159.375154,165.375105,159.375154,161.125147,669600,2.50075
1975-05-13,158.875269,159.875303,157.375086,159.375154,732800,2.473589
1975-05-12,161.125147,161.125147,158.625195,158.875269,541200,2.465831
1975-05-09,166.375139,166.375139,162.875141,162.875141,506000,2.527911
1975-05-08,167.125099,167.375161,164.375324,167.375161,556400,2.597754
1975-05-07,167.375161,167.87531,163.875175,167.125099,619200,2.593873
1975-05-06,169.125166,170.500174,166.875276,167.375161,430400,2.597754
1975-05-05,167.125099,171.000323,167.125099,169.125166,1488000,2.624915
1975-05-02,164.875208,168.875344,164.875208,166.375139,939200,2.582233
1975-05-01,160.375188,165.375105,160.375188,164.375324,644400,2.551195
1975-04-30,158.625195,160.125113,158.12531,160.125113,455600,2.485229
1975-04-29,158.875269,159.12508,158.12531,158.625195,292000,2.46195
1975-04-28,159.625229,159.875303,158.37512,158.875269,594000,2.465831
1975-04-25,159.625229,160.375188,158.12531,159.625229,574000,2.477471
1975-04-24,159.875303,161.125147,157.875235,159.625229,561200,2.477471
1975-04-23,163.625112,163.625112,159.875303,159.875303,674800,2.481352
1975-04-22,160.875337,164.375324,160.875337,163.625112,586400,2.539551
1975-04-21,158.12531,162.375256,157.875235,159.875303,606800,2.481352
1975-04-18,159.625229,159.625229,156.125242,158.12531,667200,2.454191
1975-04-17,159.12508,162.62533,159.12508,160.375188,1279200,2.489111
1975-04-16,150.000127,157.875235,147.00029,157.875235,1122800,2.45031
1975-04-15,146.000256,151.000161,146.000256,150.000127,1186000,2.328084
1975-04-14,145.000222,146.500141,142.00012,145.750181,616800,2.262122
1975-04-11,145.000222,145.000222,145.000222,145.000222,000,2.250483
1975-04-10,143.000154,145.750181,143.000154,145.000222,493200,2.250483
1975-04-09,138.250059,142.500269,138.250059,142.500269,410400,2.211682
1975-04-08,137.000215,139.000271,137.000215,138.000249,372400,2.141839
1975-04-07,138.250059,138.250059,135.500284,137.000215,473200,2.126318
1975-04-04,141.250161,142.500269,137.5001,138.250059,694800,2.145716
1975-04-03,145.750181,146.500141,141.250161,141.250161,611600,2.19228
1975-04-02,145.500107,146.250078,144.750147,145.750181,322000,2.262122
1975-04-01,145.500107,147.2501,143.250229,145.500107,410400,2.258241
1975-03-31,145.500107,148.500209,142.500269,145.500107,493200,2.258241
1975-03-27,142.75008,147.750249,142.75008,145.500107,1060000,2.258241
1975-03-26,139.500168,144.750147,139.500168,142.00012,1065200,2.203919
1975-03-25,134.250188,139.500168,132.375283,138.250059,616800,2.145716
1975-03-24,136.75014,136.75014,132.375283,134.250188,737600,2.083636
1975-03-21,138.000249,139.750242,137.250277,137.5001,518400,2.134077
1975-03-20,138.250059,139.750242,138.000249,138.000249,360000,2.141839
1975-03-19,137.750174,138.250059,136.000181,138.250059,642000,2.145716
1975-03-18,139.750242,140.250127,136.500066,137.750174,838400,2.137958
1975-03-17,136.000181,139.750242,136.000181,139.750242,591600,2.169
1975-03-14,133.875202,136.500066,133.875202,135.500284,800800,2.103038
1975-03-13,129.375181,133.875202,129.375181,133.875202,430400,2.077816
1975-03-12,124.625086,131.375249,124.375264,128.625222,750400,1.996334
1975-03-11,129.125107,130.62529,124.375264,124.625086,795600,1.934249
1975-03-10,129.375181,129.625256,127.375114,129.125107,1354800,2.004092
1975-03-07,124.375264,129.375181,124.375264,129.375181,1228800,2.007973
1975-03-06,125.62512,125.62512,123.125168,123.875127,934000,1.92261
1975-03-05,127.375114,129.875066,125.875195,126.625154,1284000,1.965292
1975-03-04,127.875263,129.625256,126.875229,127.375114,1845600,1.976931
1975-03-03,130.125141,130.125141,127.875263,127.875263,1052400,1.984694
1975-02-28,130.375215,130.375215,128.875285,129.875066,908800,2.010612
1975-02-27,133.625127,133.875202,130.125141,130.8751,850800,2.026093
1975-02-26,135.500284,135.500284,132.375283,133.625127,770400,2.068667
1975-02-25,137.5001,137.5001,134.250188,135.500284,717600,2.097696
1975-02-24,138.000249,138.500134,136.75014,137.5001,410400,2.128656
1975-02-21,140.250127,141.250161,138.000249,138.000249,687200,2.136399
1975-02-20,137.250277,140.250127,137.250277,140.250127,700000,2.171229
1975-02-19,133.875202,136.75014,132.875168,136.75014,1065200,2.117045
1975-02-18,135.000147,136.500066,133.875202,133.875202,380000,2.072538
1975-02-14,132.625094,135.500284,130.8751,135.000147,566400,2.089954
1975-02-13,134.750073,136.250243,131.875134,132.625094,901200,2.053185
1975-02-12,133.875202,135.500284,131.375249,134.750073,720000,2.086082
1975-02-11,134.750073,135.000147,131.375249,133.875202,556400,2.072538
1975-02-10,137.5001,137.5001,134.750073,134.750073,511200,2.086082
1975-02-07,138.000249,138.000249,134.750073,137.5001,1002000,2.128656
1975-02-06,137.5001,141.750298,137.5001,138.250059,1626800,2.140266
1975-02-05,131.62506,135.500284,129.125107,135.000147,1097600,2.089954
1975-02-04,131.62506,131.62506,126.37508,131.62506,1374800,2.037703
1975-02-03,126.625154,131.875134,125.125235,131.62506,1102800,2.037703
1975-01-31,120.37514,127.125039,119.875244,126.625154,934000,1.960299
1975-01-30,117.625113,120.625203,117.625113,120.37514,1450400,1.863542
1975-01-29,118.375073,119.375106,114.750175,116.000031,826000,1.795811
1975-01-28,122.875093,124.375264,117.875176,118.375073,1102800,1.832579
1975-01-27,119.875244,123.625052,119.875244,122.875093,984400,1.902244
1975-01-24,116.875154,121.375174,116.000031,119.125032,732800,1.844189
1975-01-23,122.125134,122.125134,116.875154,116.875154,531200,1.809358
1975-01-22,118.375073,122.375208,117.625113,122.125134,493200,1.890634
1975-01-21,120.875277,120.875277,118.375073,118.375073,717600,1.832579
1975-01-20,118.375073,120.875277,117.625113,120.875277,611600,1.871285
1975-01-17,123.625052,123.625052,118.375073,118.375073,843600,1.832579
1975-01-16,123.625052,126.37508,123.625052,123.625052,1044800,1.913854
1975-01-15,121.375174,123.125168,119.875244,123.125168,1850800,1.906116
1975-01-14,125.125235,126.875229,121.375174,121.375174,1014800,1.879024
1975-01-13,128.875285,129.875066,124.375264,125.125235,976800,1.937079
1975-01-10,128.625222,131.62506,128.625222,128.875285,1065200,1.995134
1975-01-09,126.37508,129.375181,124.625086,128.375148,964400,1.987391
1975-01-08,132.625094,132.625094,125.125235,126.37508,1425200,1.956428
1975-01-07,136.000181,136.000181,132.125209,133.375065,1538400,2.064796
1975-01-06,137.5001,139.000271,136.000181,136.000181,574000,2.105435
1975-01-03,139.000271,140.500201,137.250277,137.5001,506000,2.128656
1975-01-02,137.5001,141.000086,137.5001,139.000271,632000,2.15188
1974-12-31,136.000181,138.750208,135.500284,137.000215,448000,2.120917
1974-12-30,134.750073,136.000181,133.875202,136.000181,251600,2.105435
1974-12-27,136.000181,136.75014,134.50025,134.750073,228800,2.086082
1974-12-26,134.250188,136.000181,134.250188,136.000181,276800,2.105435
1974-12-24,132.375283,133.875202,132.375283,133.875202,113200,2.072538
1974-12-23,134.250188,134.50025,131.62506,131.875134,448000,2.041575
1974-12-20,135.500284,135.500284,133.875202,134.250188,435600,2.078343
1974-12-19,133.625127,135.750106,133.125243,135.500284,568800,2.097696
1974-12-18,133.125243,136.500066,133.125243,133.625127,604400,2.068667
1974-12-17,132.375283,133.625127,131.62506,132.875168,908800,2.057057
1974-12-16,132.875168,134.750073,132.375283,132.375283,390000,2.049318
1974-12-13,133.625127,135.000147,131.125175,132.875168,536400,2.057057
1974-12-12,133.625127,134.750073,132.375283,133.625127,503600,2.068667
1974-12-11,134.250188,136.000181,133.125243,133.625127,863600,2.068667
1974-12-10,131.125175,135.000147,131.125175,134.250188,956800,2.078343
1974-12-09,127.875263,129.875066,125.125235,127.375114,972000,1.97191
1974-12-06,131.875134,131.875134,126.125257,127.875263,1057600,1.979652
1974-12-05,136.75014,138.250059,131.375249,131.875134,737600,2.041575
1974-12-04,134.750073,138.000249,134.750073,136.75014,800800,2.117045
1974-12-03,136.000181,136.000181,132.375283,133.375065,944000,2.064796
1974-12-02,136.000181,138.000249,136.000181,136.000181,448000,2.105435
1974-11-29,138.750208,139.000271,137.5001,138.000249,234000,2.131755
1974-11-27,137.5001,142.75008,137.5001,138.750208,843600,2.14334
1974-11-26,136.75014,139.750242,135.750106,137.5001,536400,2.124029
1974-11-25,136.75014,138.000249,133.125243,136.75014,327200,2.112444
1974-11-22,133.375065,139.500168,133.375065,136.75014,687200,2.112444
1974-11-21,129.375181,132.875168,129.375181,131.375249,606800,2.029416
1974-11-20,129.375181,131.875134,128.875285,129.375181,674800,1.99852
1974-11-19,133.125243,135.500284,129.125107,129.375181,956800,1.99852
1974-11-18,135.000147,135.000147,133.125243,133.125243,503600,2.056449
1974-11-15,137.000215,137.250277,135.250222,136.500066,422800,2.108581
1974-11-14,139.500168,141.250161,137.000215,137.000215,490800,2.116307
1974-11-13,138.500134,141.250161,137.5001,139.500168,976800,2.154925
1974-11-12,141.500235,144.250263,136.75014,138.500134,805600,2.139477
1974-11-11,143.500291,145.500107,141.500235,141.500235,435600,2.185821
1974-11-08,149.250168,150.750099,142.00012,143.500291,579200,2.216717
1974-11-07,143.500291,149.500242,143.500291,149.250168,632000,2.305538
1974-11-06,148.750283,153.8751,142.75008,143.500291,1014800,2.216717
1974-11-05,145.500107,149.250168,145.500107,148.750283,732800,2.297816
1974-11-04,145.000222,145.500107,141.000086,145.000222,667200,2.239887
1974-11-01,147.750249,147.750249,142.75008,145.000222,745200,2.239887
1974-10-31,148.500209,152.625255,147.00029,148.250134,700000,2.29009
1974-10-30,145.000222,151.750133,144.000188,148.500209,1032400,2.293953
1974-10-29,140.500201,145.000222,140.500201,145.000222,599200,2.239887
1974-10-28,141.250161,142.75008,139.750242,140.500201,541200,2.170373
1974-10-25,141.000086,143.500291,141.000086,141.250161,830800,2.181958
1974-10-24,138.250059,139.750242,133.875202,139.500168,770400,2.154925
1974-10-23,139.750242,139.750242,135.500284,138.250059,788000,2.135614
1974-10-22,143.750114,147.2501,140.000052,140.000052,1110400,2.162647
1974-10-21,140.000052,143.750114,138.000249,143.750114,732800,2.220576
1974-10-18,136.000181,141.750298,136.000181,140.000052,896400,2.162647
1974-10-17,130.125141,137.5001,128.375148,136.000181,1221200,2.100859
1974-10-16,125.125235,131.375249,123.625052,130.125141,982000,2.010105
1974-10-15,124.375264,128.375148,121.375174,125.125235,712400,1.932869
1974-10-14,119.375106,129.125107,117.875176,124.375264,850800,1.921284
1974-10-11,116.375257,122.875093,114.750175,119.375106,951600,1.844044
1974-10-10,113.000182,117.625113,113.000182,116.375257,1480400,1.797704
1974-10-09,107.250053,111.750073,106.000196,111.000114,951600,1.714671
1974-10-08,108.500161,109.25012,106.500093,107.250053,850800,1.656742
1974-10-07,108.500161,110.750039,108.500161,108.500161,536400,1.676053
1974-10-04,107.75019,110.250154,105.250237,107.75019,820800,1.664468
1974-10-03,107.250053,108.000264,104.00014,107.75019,908800,1.664468
1974-10-02,108.000264,108.750224,106.500093,107.250053,682400,1.656742
1974-10-01,108.000264,109.500195,105.500059,108.000264,906400,1.668331
1974-09-30,111.750073,111.750073,105.750134,108.000264,956800,1.668331
1974-09-27,113.750141,115.25006,111.750073,111.750073,568800,1.726256
1974-09-26,114.750175,114.750175,113.250244,113.750141,642000,1.757152
1974-09-25,118.375073,119.875244,115.500134,115.500134,795600,1.784185
1974-09-24,119.875244,119.875244,117.625113,118.375073,334800,1.828596
1974-09-23,123.37523,125.375046,121.375174,122.375208,745200,1.890388
1974-09-20,121.625237,125.875195,119.625181,123.37523,1258800,1.905836
1974-09-19,118.375073,123.875127,118.375073,121.625237,611600,1.878803
1974-09-18,113.000182,116.375257,111.000114,115.750209,518400,1.788048
1974-09-17,111.750073,114.5001,111.750073,113.000182,531200,1.745567
1974-09-16,109.500195,110.750039,107.500127,110.750039,805600,1.710808
1974-09-13,111.000114,111.000114,108.750224,109.500195,1034800,1.691501
1974-09-12,113.250244,113.250244,111.000114,111.000114,468400,1.714671
1974-09-11,113.000182,114.5001,112.500032,113.250244,228800,1.74943
1974-09-10,114.750175,116.000031,112.500032,113.000182,402800,1.745567
1974-09-09,117.875176,117.875176,114.000215,114.750175,342400,1.7726
1974-09-06,119.125032,121.375174,118.375073,119.125032,531200,1.840181
1974-09-05,115.000249,120.125066,115.000249,119.125032,795600,1.840181
1974-09-04,115.25006,115.25006,113.250244,115.000249,745200,1.776463
1974-09-03,119.625181,120.875277,116.875154,116.875154,561200,1.805426
1974-08-30,120.875277,120.875277,117.625113,119.625181,624400,1.847907
1974-08-29,114.750175,119.125032,114.750175,116.875154,347200,1.800793
1974-08-28,113.750141,118.375073,112.750107,114.750175,397600,1.768051
1974-08-27,112.500032,115.25006,112.500032,113.750141,468400,1.752643
1974-08-26,109.25012,113.250244,108.500161,112.500032,516000,1.733382
1974-08-23,110.750039,112.500032,109.000046,109.25012,473200,1.683308
1974-08-22,110.750039,111.750073,108.500161,110.750039,1241200,1.706418
1974-08-21,120.625203,121.375174,110.750039,110.750039,770400,1.706418
1974-08-20,122.875093,125.875195,120.625203,120.625203,1236400,1.858573
1974-08-19,123.625052,123.625052,121.625237,122.875093,846000,1.893239
1974-08-16,129.375181,129.375181,125.125235,125.125235,649600,1.927909
1974-08-15,129.875066,130.125141,129.375181,129.875066,480800,2.001093
1974-08-14,130.125141,130.125141,129.375181,129.875066,241600,2.001093
1974-08-13,132.875168,133.125243,131.375249,131.62506,228800,2.028057
1974-08-12,132.375283,132.875168,131.62506,132.875168,125600,2.047318
1974-08-09,134.250188,135.000147,132.375283,132.375283,506000,2.039616
1974-08-08,136.500066,137.750174,133.875202,134.250188,1022400,2.068504
1974-08-07,134.750073,136.75014,134.750073,136.500066,606800,2.10317
1974-08-06,134.250188,138.000249,134.250188,134.750073,813200,2.076206
1974-08-05,131.125175,134.50025,130.375215,132.125209,581600,2.035763
1974-08-02,130.125141,132.375283,129.625256,131.125175,712400,2.020355
1974-08-01,132.625094,133.125243,130.125141,130.125141,460800,2.004946
1974-07-31,132.875168,133.625127,131.875134,132.625094,196400,2.043465
1974-07-30,132.125209,133.625127,131.875134,132.875168,191200,2.047318
1974-07-29,133.375065,133.375065,131.125175,132.125209,586400,2.035763
1974-07-26,135.750106,136.500066,134.250188,134.250188,292000,2.068504
1974-07-25,138.250059,138.750208,134.750073,135.750106,486000,2.091615
1974-07-24,135.750106,138.250059,135.000147,138.250059,304400,2.130134
1974-07-23,136.000181,138.000249,135.750106,135.750106,342400,2.091615
1974-07-22,135.250222,136.500066,133.875202,136.000181,339600,2.095468
1974-07-19,136.000181,137.5001,133.875202,135.250222,354800,2.083913
1974-07-18,135.250222,138.750208,135.000147,136.000181,568800,2.095468
1974-07-17,135.500284,136.75014,133.125243,135.250222,410400,2.083913
1974-07-16,138.250059,138.250059,135.000147,135.500284,800800,2.087766
1974-07-15,138.250059,140.250127,137.750174,138.750208,707600,2.13784
1974-07-12,135.500284,139.000271,135.500284,138.250059,347200,2.130134
1974-07-11,136.500066,136.500066,131.875134,131.875134,931600,2.03191
1974-07-10,138.000249,139.500168,136.500066,136.75014,531200,2.107023
1974-07-09,134.250188,138.000249,134.250188,138.000249,662000,2.126285
1974-07-08,139.000271,139.000271,133.625127,133.625127,745200,2.058874
1974-07-05,140.000052,140.500201,139.500168,140.000052,158400,2.157097
1974-07-03,140.500201,141.250161,139.000271,140.000052,654400,2.157097
1974-07-02,142.75008,142.75008,140.250127,140.500201,309600,2.164804
1974-07-01,141.750298,143.500291,141.500235,143.000154,196400,2.203322
1974-06-28,142.00012,142.75008,139.000271,141.750298,599200,2.184065
1974-06-27,144.250263,144.500073,142.00012,142.00012,428000,2.187914
1974-06-26,148.000324,148.000324,144.250263,144.250263,410400,2.222584
1974-06-25,147.2501,148.500209,147.2501,148.000324,367600,2.280364
1974-06-24,145.750181,147.2501,145.000222,146.250078,266800,2.253397
1974-06-21,145.000222,145.750181,144.000188,145.750181,352400,2.245694
1974-06-20,146.750215,146.750215,144.250263,145.000222,498400,2.234139
1974-06-19,149.500242,149.500242,146.500141,147.2501,304400,2.268805
1974-06-18,149.000105,151.50031,148.000324,150.000127,377600,2.311177
1974-06-17,152.375181,152.375181,149.000105,149.000105,430400,2.295769
1974-06-14,153.12514,153.12514,152.125106,152.375181,221600,2.347771
1974-06-13,152.375181,155.375283,150.750099,153.375215,536400,2.36318
1974-06-12,148.500209,152.375181,147.00029,152.375181,296800,2.347771
1974-06-11,150.000127,150.000127,148.000324,148.500209,568800,2.288066
1974-06-10,150.750099,151.50031,149.250168,150.000127,347200,2.311177
1974-06-07,149.750317,153.12514,149.750317,150.750099,473200,2.322732
1974-06-06,145.750181,148.750283,145.750181,148.750283,279200,2.291919
1974-06-05,145.500107,146.500141,143.500291,145.750181,342400,2.245694
1974-06-04,142.00012,147.2501,142.00012,145.500107,934000,2.241841
1974-06-03,141.000086,141.000086,134.250188,141.000086,682400,2.172506
1974-05-31,135.000147,135.500284,133.125243,135.000147,1279200,2.075438
1974-05-30,136.75014,136.75014,135.000147,135.000147,906400,2.075438
1974-05-29,137.5001,138.000249,136.250243,136.75014,556400,2.102342
1974-05-28,139.750242,140.250127,136.000181,137.5001,548800,2.113871
1974-05-24,142.250195,145.000222,139.000271,139.750242,1387600,2.148464
1974-05-23,144.250263,144.250263,141.250161,142.250195,1190800,2.186898
1974-05-22,149.250168,150.750099,147.750249,147.750249,503600,2.271453
1974-05-21,149.250168,150.750099,149.250168,149.250168,284400,2.294512
1974-05-20,150.250202,152.375181,148.750283,149.250168,561200,2.294512
1974-05-17,152.625255,152.625255,150.250202,150.250202,619200,2.309886
1974-05-16,153.8751,154.375249,152.875318,153.12514,339600,2.354085
1974-05-15,152.625255,154.375249,152.625255,153.8751,296800,2.365614
1974-05-14,152.875318,154.625311,152.375181,152.375181,372400,2.342555
1974-05-13,153.375215,153.375215,152.125106,152.875318,473200,2.350244
1974-05-10,155.625093,156.875201,154.625311,154.625311,805600,2.377148
1974-05-09,156.125242,156.125242,154.625311,155.625093,574000,2.392518
1974-05-08,157.125276,157.375086,156.375305,157.125276,486000,2.415581
1974-05-07,156.125242,157.625161,156.125242,157.125276,364800,2.415581
1974-05-06,153.625277,155.375283,153.12514,155.375283,254000,2.388677
1974-05-03,154.125174,154.875134,151.50031,153.625277,385200,2.361773
1974-05-02,153.8751,157.375086,152.625255,154.125174,632000,2.369459
1974-05-01,147.00029,156.125242,147.00029,153.8751,858400,2.365614
1974-04-30,144.250263,147.00029,144.250263,147.00029,604400,2.259924
1974-04-29,142.250195,142.500269,141.000086,142.500269,296800,2.190742
1974-04-26,138.250059,142.250195,138.250059,142.250195,380000,2.186898
1974-04-25,137.250277,140.250127,135.250222,138.000249,541200,2.121561
1974-04-24,139.500168,139.500168,136.500066,137.250277,1148000,2.110031
1974-04-23,141.750298,141.750298,139.500168,139.500168,523600,2.14462
1974-04-22,143.500291,143.500291,142.00012,142.00012,322000,2.183053
1974-04-19,144.250263,144.250263,143.000154,144.000188,410400,2.213801
1974-04-18,145.750181,146.250078,144.000188,144.250263,473200,2.217646
1974-04-17,140.250127,146.250078,140.250127,145.750181,745200,2.240705
1974-04-16,136.75014,141.000086,136.75014,139.000271,707600,2.136934
1974-04-15,138.250059,139.000271,136.500066,136.75014,649600,2.102342
1974-04-11,142.500269,142.75008,138.250059,138.250059,1090400,2.125401
1974-04-10,143.500291,143.750114,142.250195,142.500269,503600,2.190742
1974-04-09,143.250229,144.000188,142.00012,143.500291,548800,2.206116
1974-04-08,143.750114,143.750114,141.500235,143.250229,574000,2.202272
1974-04-05,148.750283,148.750283,142.75008,144.000188,1337200,2.213801
1974-04-04,151.000161,151.750133,148.500209,149.250168,465600,2.294512
1974-04-03,150.500276,151.50031,150.000127,151.000161,367600,2.321416
1974-04-02,152.375181,152.375181,149.500242,150.500276,682400,2.313731
1974-04-01,153.12514,153.8751,152.375181,152.375181,264400,2.342555
1974-03-29,153.625277,154.375249,153.12514,153.12514,385200,2.354085
1974-03-28,154.625311,154.875134,153.12514,153.625277,342400,2.361773
1974-03-27,156.125242,156.125242,154.625311,154.625311,254000,2.377148
1974-03-26,154.375249,156.875201,154.125174,156.125242,360000,2.400207
1974-03-25,153.8751,154.875134,151.750133,154.375249,768000,2.373303
1974-03-22,154.625311,154.625311,153.8751,153.8751,360000,2.365614
1974-03-21,156.125242,156.375305,154.625311,154.875134,339600,2.380988
1974-03-20,155.375283,156.875201,155.125208,156.125242,397600,2.400207
1974-03-19,155.375283,156.125242,153.8751,155.375283,523600,2.388677
1974-03-18,158.37512,160.875337,155.375283,155.375283,611600,2.388677
1974-03-15,160.375188,161.375222,154.875134,158.37512,795600,2.434796
1974-03-14,167.87531,168.375195,157.875235,160.375188,972000,2.465544
1974-03-13,168.62527,171.000323,167.375161,167.87531,397600,2.580848
1974-03-12,167.625236,170.000289,167.125099,168.62527,289600,2.592377
1974-03-11,168.62527,169.125166,166.375139,167.625236,380000,2.577003
1974-03-08,168.875344,168.875344,167.125099,168.62527,783200,2.592377
1974-03-07,172.000345,172.000345,168.375195,169.375229,972000,2.603907
1974-03-06,168.875344,172.500242,168.875344,172.250167,694800,2.648105
1974-03-05,167.125099,170.000289,167.125099,168.125133,518400,2.584688
1974-03-04,164.875208,164.875208,163.125215,164.625134,329600,2.530881
1974-03-01,165.875242,165.875242,162.62533,163.37529,478400,2.507055
1974-02-28,169.375229,170.000289,168.875344,169.125166,448000,2.595289
1974-02-27,169.125166,170.2501,167.125099,169.375229,410400,2.599126
1974-02-26,165.625168,169.125166,165.125283,169.125166,364800,2.595289
1974-02-25,166.875276,168.62527,160.875337,165.625168,599200,2.54158
1974-02-22,163.37529,167.375161,163.125215,166.875276,561200,2.560764
1974-02-21,158.875269,164.875208,158.875269,163.37529,480800,2.507055
1974-02-20,156.125242,158.875269,153.12514,158.875269,758000,2.438001
1974-02-19,156.125242,157.875235,156.125242,156.125242,511200,2.3958
1974-02-15,151.50031,153.375215,151.50031,153.375215,624400,2.3536
1974-02-14,150.000127,153.12514,150.000127,151.50031,541200,2.324829
1974-02-13,147.00029,151.750133,147.00029,150.000127,604400,2.301808
1974-02-12,147.750249,147.750249,142.500269,146.250078,1097600,2.244262
1974-02-11,152.625255,152.625255,148.500209,148.500209,934000,2.278791
1974-02-08,158.875269,159.375154,153.12514,153.375215,516000,2.3536
1974-02-07,158.875269,160.375188,158.875269,158.875269,279200,2.438001
1974-02-06,159.625229,160.875337,158.37512,158.875269,506000,2.438001
1974-02-05,159.375154,160.875337,158.625195,159.625229,707600,2.449509
1974-02-04,161.125147,161.125147,159.375154,159.375154,410400,2.445672
1974-02-01,165.375105,165.375105,162.62533,164.375324,418000,2.522401
1974-01-31,165.375105,167.87531,165.375105,166.375139,354800,2.553089
1974-01-30,161.875107,168.375195,161.875107,164.875208,599200,2.530072
1974-01-29,164.375324,164.875208,159.375154,160.875337,606800,2.468692
1974-01-28,165.375105,165.375105,163.625112,164.375324,309600,2.522401
1974-01-25,164.375324,168.875344,164.375324,165.375105,523600,2.537743
1974-01-24,160.625262,162.875141,159.625229,162.875141,418000,2.49938
1974-01-23,159.875303,162.62533,159.875303,160.625262,435600,2.464855
1974-01-22,158.12531,163.125215,156.875201,159.875303,2374400,2.453347
1974-01-21,160.125113,160.125113,156.125242,158.12531,1258800,2.426492
1974-01-18,171.750283,171.750283,162.875141,162.875141,1908800,2.49938
1974-01-17,172.250167,176.000229,172.000345,172.250167,561200,2.643243
1974-01-16,170.750249,172.500242,170.500174,172.250167,536400,2.643243
1974-01-15,173.250201,174.000161,170.750249,170.750249,636800,2.620227
1974-01-14,175.000195,176.500125,170.000289,173.250201,657200,2.658589
1974-01-11,172.000345,175.750154,171.750283,175.000195,448000,2.685444
1974-01-10,172.000345,175.000195,168.875344,172.000345,1122800,2.63941
1974-01-09,176.000229,176.000229,170.500174,172.000345,1186000,2.63941
1974-01-08,180.250174,180.250174,178.000296,178.000296,402800,2.731481
1974-01-07,184.750207,184.750207,180.250174,183.250276,536400,2.812044
1974-01-04,189.875276,189.875276,184.750207,184.750207,657200,2.835061
1974-01-03,192.625303,193.625337,190.12535,191.125132,410400,2.932887
1974-01-02,193.125188,193.875159,189.625201,192.625303,292000,2.955908
1973-12-31,191.875344,194.375296,189.375127,193.125188,531200,2.963578
1973-12-28,189.875276,191.875344,189.875276,191.875344,632000,2.944399
1973-12-27,187.875208,190.375161,186.250126,189.625201,662000,2.90987
1973-12-26,186.000303,188.625167,186.000303,187.875208,657200,2.883016
1973-12-24,184.750207,184.750207,182.750139,184.500132,292000,2.831224
1973-12-21,184.750207,184.750207,180.000112,184.750207,619200,2.835061
1973-12-20,180.750324,187.000337,180.250174,185.750229,506000,2.850407
1973-12-19,179.00033,181.500283,179.00033,180.750324,667200,2.773682
1973-12-18,173.500276,178.750256,173.250201,178.000296,662000,2.731481
1973-12-17,172.250167,174.50031,172.250167,173.500276,460800,2.662427
1973-12-14,170.750249,173.75035,168.125133,171.750283,667200,2.635573
1973-12-13,175.250269,175.750154,170.750249,170.750249,788000,2.620227
1973-12-12,176.500125,176.750188,174.75012,175.250269,1007200,2.689281
1973-12-11,176.500125,178.500181,176.500125,176.500125,1606400,2.708461
1973-12-10,175.000195,177.000262,174.250235,176.500125,1488000,2.708461
1973-12-07,170.500174,175.000195,170.500174,175.000195,367600,2.685444
1973-12-06,169.125166,170.2501,167.625236,169.375229,440400,2.599126
1973-12-05,169.375229,170.000289,168.375195,169.125166,317200,2.595289
1973-12-04,169.375229,170.500174,168.125133,169.375229,266800,2.599126
1973-12-03,168.125133,174.75012,168.125133,169.375229,468400,2.599126
1973-11-30,175.000195,177.000262,174.75012,175.750154,153600,2.692655
1973-11-29,173.75035,176.500125,173.75035,175.000195,465600,2.681165
1973-11-28,170.000289,174.75012,170.000289,173.75035,390000,2.662016
1973-11-27,175.500344,175.500344,165.375105,169.375229,674800,2.594985
1973-11-26,178.500181,178.500181,173.000127,176.000229,556400,2.696486
1973-11-23,180.000112,180.000112,177.250337,179.500215,251600,2.750109
1973-11-21,175.750154,180.750324,175.250269,180.000112,843600,2.757768
1973-11-20,180.750324,180.750324,173.250201,175.750154,1417600,2.692655
1973-11-19,186.250126,187.875208,183.000202,184.000236,304400,2.819054
1973-11-16,186.000303,187.25016,184.000236,186.250126,473200,2.853524
1973-11-15,186.000303,187.000337,184.500132,186.000303,644400,2.849697
1973-11-14,187.000337,188.875242,183.250276,186.000303,616800,2.849697
1973-11-13,180.250174,187.000337,180.250174,187.000337,830800,2.865018
1973-11-12,177.500147,179.75029,177.000262,178.500181,397600,2.734788
1973-11-09,179.75029,181.000146,174.50031,177.500147,329600,2.719466
1973-11-08,178.000296,180.250174,177.750222,179.75029,523600,2.753941
1973-11-07,180.000112,180.000112,178.000296,178.000296,586400,2.727129
1973-11-06,181.000146,181.750357,181.000146,181.250208,284400,2.776921
1973-11-05,180.000112,181.500283,179.250153,180.250174,309600,2.761599
1973-11-02,180.000112,180.750324,179.500215,180.000112,410400,2.757768
1973-11-01,180.000112,181.750357,179.500215,180.000112,422800,2.757768
1973-10-31,182.750139,182.750139,179.500215,180.000112,327200,2.757768
1973-10-30,182.750139,185.750229,182.750139,183.000202,976800,2.803732
1973-10-29,180.250174,183.250276,178.000296,181.000146,611600,2.77309
1973-10-26,174.50031,181.000146,174.50031,180.250174,687200,2.761599
1973-10-25,170.750249,174.000161,168.125133,173.000127,506000,2.650522
1973-10-24,172.250167,173.250201,169.375229,170.750249,448000,2.616052
1973-10-23,171.750283,174.75012,171.750283,172.250167,460800,2.639032
1973-10-22,173.000127,174.000161,170.750249,171.250133,360000,2.62371
1973-10-19,173.000127,174.75012,173.000127,173.000127,329600,2.650522
1973-10-18,172.000345,175.000195,172.000345,173.000127,669600,2.650522
1973-10-17,168.62527,171.750283,168.62527,170.750249,428000,2.616052
1973-10-16,166.625202,168.375195,166.375139,167.625236,254000,2.568174
1973-10-15,165.625168,167.87531,164.375324,166.625202,309600,2.552852
1973-10-12,162.125181,166.375139,162.125181,165.625168,566400,2.537531
1973-10-11,156.375305,162.375256,154.875134,160.875337,1312000,2.464759
1973-10-10,159.12508,159.625229,156.125242,156.375305,1135600,2.395814
1973-10-09,160.375188,160.375188,157.375086,159.12508,1581200,2.437943
1973-10-08,162.875141,162.875141,161.125147,161.125147,833200,2.468586
1973-10-05,161.125147,164.875208,160.875337,163.37529,700000,2.503061
1973-10-04,163.37529,163.37529,160.125113,161.125147,959200,2.468586
1973-10-03,165.875242,166.375139,163.875175,163.875175,616800,2.510719
1973-10-02,166.375139,166.875276,165.625168,165.875242,548800,2.541362
1973-10-01,164.875208,166.875276,164.375324,166.375139,405200,2.549021
1973-09-28,166.375139,166.375139,164.125249,164.875208,669600,2.526041
1973-09-27,166.375139,167.125099,166.375139,166.375139,984400,2.549021
1973-09-26,166.875276,168.125133,165.375105,166.375139,153600,2.549021
1973-09-25,168.62527,169.375229,165.625168,166.875276,329600,2.556684
1973-09-24,168.875344,170.000289,167.375161,168.62527,367600,2.583495
1973-09-21,172.250167,172.250167,168.875344,168.875344,392800,2.587326
1973-09-20,172.250167,174.75012,171.250133,172.250167,901200,2.639032
1973-09-19,168.375195,172.750316,167.625236,172.250167,402800,2.639032
1973-09-18,171.000323,171.750283,168.375195,168.375195,221600,2.579664
1973-09-17,170.500174,173.75035,170.500174,171.000323,385200,2.619883
1973-09-14,167.87531,170.500174,165.875242,170.500174,166000,2.61222
1973-09-13,167.375161,168.375195,166.125317,167.87531,203600,2.572005
1973-09-12,164.875208,167.375161,163.875175,167.375161,410400,2.564342
1973-09-11,165.375105,165.375105,160.875337,164.875208,725200,2.526041
1973-09-10,170.750249,170.750249,166.625202,167.125099,443200,2.560511
1973-09-07,171.750283,174.50031,170.750249,170.750249,518400,2.616052
1973-09-06,167.625236,172.000345,167.625236,171.750283,591600,2.631373
1973-09-05,164.375324,167.375161,164.125249,167.375161,465600,2.564342
1973-09-04,162.875141,164.375324,162.875141,164.375324,296800,2.518382
1973-08-31,161.125147,162.875141,161.125147,162.62533,239200,2.49157
1973-08-30,160.875337,161.625296,160.625262,161.125147,284400,2.464296
1973-08-29,159.875303,162.125181,159.875303,160.875337,289600,2.460475
1973-08-28,158.625195,159.875303,158.625195,159.625229,259200,2.441356
1973-08-27,157.375086,158.875269,156.375305,158.12531,1450400,2.418415
1973-08-24,156.125242,158.875269,156.125242,157.375086,314400,2.406941
1973-08-23,154.875134,157.375086,154.875134,155.625093,329600,2.380176
1973-08-22,156.625127,156.875201,153.8751,153.8751,183600,2.353411
1973-08-21,156.875201,157.375086,156.125242,156.625127,163600,2.395471
1973-08-20,157.875235,158.625195,155.625093,156.875201,251600,2.399296
1973-08-17,157.375086,159.12508,156.875201,157.875235,289600,2.414591
1973-08-16,158.12531,159.375154,156.875201,157.375086,390000,2.406941
1973-08-15,158.37512,159.625229,156.625127,158.12531,972000,2.418415
1973-08-14,159.875303,162.375256,158.37512,158.37512,972000,2.422236
1973-08-13,161.875107,161.875107,159.875303,159.875303,443200,2.44518
1973-08-10,164.625134,164.875208,161.875107,161.875107,178800,2.475766
1973-08-09,165.625168,167.125099,164.625134,164.625134,397600,2.517826
1973-08-08,165.875242,166.375139,164.875208,165.625168,800800,2.53312
1973-08-07,166.875276,168.375195,161.875107,165.875242,473200,2.536945
1973-08-06,164.125249,167.87531,164.125249,166.875276,490800,2.55224
1973-08-03,164.875208,164.875208,164.125249,164.125249,334800,2.51018
1973-08-02,162.62533,165.375105,162.375256,164.875208,581600,2.52165
1973-08-01,162.125181,165.375105,160.375188,162.62533,460800,2.48724
1973-07-31,164.875208,166.875276,162.125181,162.125181,440400,2.479591
1973-07-30,162.62533,164.875208,160.125113,164.875208,392800,2.52165
1973-07-27,161.875107,162.875141,161.125147,162.62533,264400,2.48724
1973-07-26,164.375324,165.375105,160.875337,161.875107,473200,2.475766
1973-07-25,159.875303,164.875208,158.625195,164.375324,750400,2.514005
1973-07-24,159.375154,159.875303,156.375305,159.875303,523600,2.44518
1973-07-23,158.12531,159.375154,158.12531,159.375154,443200,2.437531
1973-07-20,156.875201,158.12531,156.125242,157.375086,443200,2.406941
1973-07-19,155.625093,158.12531,154.625311,156.875201,339600,2.399296
1973-07-18,152.625255,157.375086,151.750133,155.625093,888800,2.380176
1973-07-17,153.8751,154.625311,152.625255,152.625255,586400,2.334296
1973-07-16,153.8751,153.8751,152.125106,153.8751,302000,2.353411
1973-07-13,155.875167,156.125242,153.8751,153.8751,397600,2.353411
1973-07-12,155.875167,156.875201,153.8751,155.875167,586400,2.384001
1973-07-11,150.000127,155.875167,150.000127,155.875167,606800,2.384001
1973-07-10,149.250168,151.000161,149.250168,149.500242,254000,2.286501
1973-07-09,145.750181,148.750283,145.000222,148.500209,196400,2.271206
1973-07-06,146.250078,146.500141,145.500107,145.750181,100400,2.229147
1973-07-05,147.00029,147.750249,145.750181,146.250078,203600,2.236792
1973-07-03,148.500209,149.250168,146.750215,147.00029,279200,2.248266
1973-07-02,151.250236,151.250236,148.500209,148.500209,228800,2.271206
1973-06-29,153.375215,153.8751,150.000127,151.250236,228800,2.313266
1973-06-28,151.000161,153.8751,151.000161,153.375215,191200,2.345766
1973-06-27,148.500209,150.750099,148.500209,150.250202,354800,2.297971
1973-06-26,147.00029,148.500209,144.500073,148.250134,271600,2.267382
1973-06-25,148.750283,148.750283,147.00029,147.00029,150800,2.248266
1973-06-22,148.500209,150.250202,148.500209,149.250168,410400,2.282676
1973-06-21,147.00029,149.500242,146.250078,147.00029,322000,2.248266
1973-06-20,144.750147,147.00029,144.250263,147.00029,216400,2.248266
1973-06-19,144.750147,147.00029,139.500168,144.750147,694800,2.213852
1973-06-18,152.375181,152.375181,144.750147,144.750147,440400,2.213852
1973-06-15,155.375283,155.375283,152.625255,153.12514,556400,2.341941
1973-06-14,157.125276,158.12531,153.8751,156.875201,616800,2.399296
1973-06-13,156.875201,160.375188,156.875201,157.125276,964400,2.403121
1973-06-12,150.250202,155.625093,150.250202,155.375283,732800,2.376356
1973-06-11,150.250202,151.750133,150.250202,150.250202,178800,2.297971
1973-06-08,145.750181,152.375181,145.750181,150.250202,700000,2.297971
1973-06-07,139.000271,145.000222,139.000271,145.000222,246400,2.217676
1973-06-06,138.750208,141.500235,138.750208,139.000271,289600,2.125911
1973-06-05,133.875202,139.750242,133.625127,138.750208,380000,2.122087
1973-06-04,135.750106,135.750106,133.875202,133.875202,208800,2.047527
1973-06-01,136.250243,136.250243,135.000147,135.750106,153600,2.071919
1973-05-31,139.750242,139.750242,136.500066,136.500066,171200,2.083366
1973-05-30,142.250195,142.250195,139.000271,139.750242,279200,2.132972
1973-05-29,139.500168,142.75008,139.000271,142.250195,498400,2.171129
1973-05-25,139.000271,141.000086,137.250277,139.500168,568800,2.129156
1973-05-24,131.875134,139.000271,129.875066,139.000271,674800,2.121526
1973-05-23,131.62506,132.625094,130.375215,131.875134,624400,2.012777
1973-05-22,131.875134,134.750073,130.125141,131.62506,606800,2.00896
1973-05-21,131.875134,133.375065,129.875066,131.875134,725200,2.012777
1973-05-18,135.500284,135.500284,131.875134,131.875134,304400,2.012777
1973-05-17,139.250093,139.750242,136.000181,136.000181,372400,2.075736
1973-05-16,137.000215,139.250093,137.000215,139.250093,418000,2.125339
1973-05-15,135.500284,136.75014,133.875202,136.500066,259200,2.083366
1973-05-14,138.000249,138.000249,135.500284,135.500284,228800,2.068106
1973-05-11,140.250127,140.250127,138.500134,138.750208,228800,2.117709
1973-05-10,142.500269,144.000188,141.000086,141.000086,405200,2.152048
1973-05-09,142.00012,144.000188,142.00012,142.500269,372400,2.174945
1973-05-08,139.750242,142.00012,139.000271,142.00012,518400,2.167312
1973-05-07,140.250127,140.250127,138.750208,139.750242,271600,2.132972
1973-05-04,138.250059,141.000086,138.250059,140.250127,679600,2.140602
1973-05-03,136.75014,138.500134,134.625161,138.375222,387600,2.111986
1973-05-02,134.50025,137.000215,134.50025,136.75014,226400,2.087183
1973-05-01,132.625094,134.000113,131.000264,133.875202,307200,2.043303
1973-04-30,134.375087,134.375087,132.25012,132.625094,448000,2.024223
1973-04-27,136.500066,138.250059,136.000181,136.125092,591600,2.077643
1973-04-26,137.250277,137.250277,135.125058,136.500066,271600,2.083366
1973-04-25,139.500168,139.500168,137.750174,137.750174,256800,2.102446
1973-04-24,143.500291,143.500291,140.000052,140.500201,216400,2.144419
1973-04-23,142.250195,147.00029,142.00012,144.750147,352400,2.209285
1973-04-19,141.000086,144.000188,141.000086,142.250195,347200,2.171129
1973-04-18,137.000215,140.750264,137.000215,140.750264,224000,2.148235
1973-04-17,138.375222,138.375222,137.000215,137.000215,289600,2.090999
1973-04-16,141.375072,141.875209,140.125216,140.125216,183600,2.138696
1973-04-13,144.000188,144.750147,141.250161,141.375072,269200,2.157772
1973-04-12,143.500291,145.000222,142.75008,144.000188,198800,2.197838
1973-04-11,143.000154,145.000222,141.000086,143.500291,324800,2.190208
1973-04-10,138.750208,143.000154,138.750208,143.000154,486000,2.182575
1973-04-09,134.000113,137.000215,133.000079,136.000181,453200,2.075736
1973-04-06,132.125209,135.000147,132.125209,134.000113,350000,2.04521
1973-04-05,133.750291,133.750291,131.000264,132.000045,259200,2.014683
1973-04-04,136.75014,137.000215,135.375121,135.500284,302000,2.068106
1973-04-03,135.625195,136.75014,135.000147,136.75014,181200,2.087183
1973-04-02,136.625229,136.625229,135.250222,135.625195,327200,2.070013
1973-03-30,139.750242,139.750242,137.125114,137.125114,198800,2.092906
1973-03-29,140.125216,142.250195,139.500168,139.750242,672000,2.132972
1973-03-28,136.000181,140.750264,135.125058,140.125216,337200,2.138696
1973-03-27,135.500284,137.250277,133.875202,136.000181,380000,2.075736
1973-03-26,132.000045,135.750106,132.000045,135.500284,402800,2.068106
1973-03-23,126.500243,132.000045,126.250169,130.250052,1080000,1.987973
1973-03-22,127.625188,127.625188,125.250135,126.500243,1027200,1.930741
1973-03-21,136.000181,136.000181,129.000196,129.000196,850800,1.968897
1973-03-20,137.000215,137.000215,135.125058,136.375155,438000,2.081459
1973-03-19,139.750242,139.750242,136.75014,137.000215,730000,2.090999
1973-03-16,144.375174,144.375174,141.625147,141.625147,231600,2.161589
1973-03-15,144.750147,145.375196,144.250263,144.500073,317200,2.205468
1973-03-14,146.000256,146.000256,144.000188,144.750147,435600,2.209285
1973-03-13,143.37514,146.000256,143.37514,146.000256,196400,2.228365
1973-03-12,142.250195,143.750114,141.875209,143.000154,118000,2.182575
1973-03-09,142.75008,142.75008,140.000052,142.250195,279200,2.171129
1973-03-08,141.250161,143.500291,141.250161,142.875243,435600,2.180668
1973-03-07,142.375106,142.500269,137.875085,139.375256,737600,2.127249
1973-03-06,142.00012,144.250263,141.500235,142.375106,1213600,2.173035
1973-03-05,141.625147,143.750114,140.000052,142.00012,1541200,2.167312
1973-03-02,139.000271,142.250195,136.000181,141.625147,725200,2.157314
1973-03-01,141.000086,141.500235,138.000249,139.000271,820800,2.117331
1973-02-28,134.50025,141.250161,134.50025,141.000086,762800,2.147793
1973-02-27,137.000215,138.250059,134.000113,134.000113,964400,2.041166
1973-02-26,143.625202,144.375174,135.625195,137.000215,604400,2.086865
1973-02-23,144.000188,144.125099,143.500291,143.625202,357600,2.18778
1973-02-22,146.250078,146.500141,144.000188,144.000188,432800,2.193492
1973-02-21,148.750283,149.625154,146.250078,146.250078,256800,2.227764
1973-02-20,148.500209,152.000195,148.000324,148.750283,317200,2.265849
1973-02-16,149.375079,149.375079,146.500141,148.500209,395200,2.262039
1973-02-15,152.875318,153.500126,149.500242,149.500242,312000,2.277272
1973-02-14,154.625311,155.750256,152.500092,152.875318,614400,2.328683
1973-02-13,154.375249,161.500133,153.625277,154.625311,883600,2.35534
1973-02-12,152.000195,154.750222,152.000195,154.375249,468400,2.351531
1973-02-09,146.250078,148.750283,146.250078,148.500209,276800,2.262039
1973-02-08,147.125201,147.87516,146.000256,146.000256,440400,2.223959
1973-02-07,146.750215,149.000105,146.750215,147.125201,564000,2.241094
1973-02-06,145.125133,147.2501,144.000188,146.250078,1040000,2.227764
1973-02-05,145.500107,147.87516,144.500073,145.125133,412800,2.210628
1973-02-02,144.375174,145.875093,143.125065,145.500107,473200,2.21634
1973-02-01,143.250229,145.375196,143.250229,144.375174,727600,2.199204
1973-01-31,147.750249,147.750249,142.500269,142.500269,1143200,2.170645
1973-01-30,154.50016,154.50016,148.125223,148.250134,395200,2.25823
1973-01-29,156.000079,156.625127,153.625277,155.000297,375200,2.361052
1973-01-26,157.750324,157.750324,154.50016,156.000079,732800,2.376282
1973-01-24,159.250243,159.875303,157.50025,157.875235,418000,2.404845
1973-01-23,159.12508,159.500317,159.12508,159.250243,168400,2.42579
1973-01-22,159.250243,160.000214,159.12508,159.12508,186000,2.423883
1973-01-19,159.250243,160.875337,159.250243,159.250243,697200,2.42579
1973-01-18,157.50025,159.500317,155.375283,159.00018,586400,2.421981
1973-01-17,158.37512,158.37512,157.250187,157.50025,662000,2.399133
1973-01-16,159.250243,159.875303,156.75029,159.00018,690000,2.421981
1973-01-15,156.000079,159.250243,156.000079,159.250243,667200,2.42579
1973-01-12,160.000214,162.00027,154.50016,155.000297,883600,2.361052
1973-01-11,159.250243,165.00012,159.250243,160.000214,1176000,2.437214
1973-01-10,150.375113,152.750155,150.375113,152.375181,249200,2.321065
1973-01-09,150.375113,150.375113,147.2501,150.000127,536400,2.284887
1973-01-08,153.000229,155.500182,151.50031,151.50031,601600,2.307739
1973-01-05,151.000161,154.750222,151.000161,153.000229,649600,2.330586
1973-01-04,143.625202,146.500141,143.625202,146.500141,370000,2.231573
1973-01-03,142.500269,145.000222,142.500269,143.500291,453200,2.185878
1973-01-02,140.500201,143.000154,140.500201,142.250195,342400,2.166836
1972-12-29,139.125182,141.000086,139.125182,140.250127,440400,2.136369
1972-12-27,138.000249,138.500134,138.000249,138.250059,55200,2.105903
1972-12-26,137.875085,138.500134,137.5001,137.5001,150800,2.094479
1972-12-22,136.75014,139.250093,136.75014,137.875085,274400,2.100191
1972-12-21,135.500284,137.000215,135.500284,136.000181,432800,2.071632
1972-12-20,135.375121,135.500284,133.500216,134.750073,377600,2.052589
1972-12-19,134.750073,136.000181,133.500216,135.375121,249200,2.062111
1972-12-18,135.500284,135.500284,134.750073,134.750073,224000,2.052589
1972-12-15,136.500066,136.500066,134.000113,136.000181,1251600,2.071632
1972-12-14,136.875304,137.625263,136.125092,137.250277,163600,2.090674
1972-12-13,137.5001,137.5001,136.000181,136.875304,367600,2.084962
1972-12-12,137.125114,138.750208,137.125114,137.875085,276800,2.100191
1972-12-11,139.125182,139.125182,135.250222,136.75014,440400,2.083056
1972-12-08,138.750208,139.250093,138.750208,139.125182,249200,2.119234
1972-12-07,138.750208,138.750208,138.000249,138.750208,254000,2.113522
1972-12-06,137.5001,139.750242,137.5001,138.750208,402800,2.113522
1972-12-05,135.500032,136.625229,135.500032,136.000181,19800,2.071632
1972-12-04,131.50016,133.500216,131.50016,133.500216,224000,2.033551
1972-12-01,127.875263,131.000264,127.625188,130.750189,614400,1.987656
1972-11-30,128.000162,128.500059,127.250202,127.875263,146000,1.943952
1972-11-29,128.000162,128.875285,127.625188,128.000162,239200,1.94585
1972-11-28,129.125107,129.375181,128.000162,128.000162,241600,1.94585
1972-11-27,130.00023,130.00023,129.125107,129.125107,224000,1.962952
1972-11-24,130.00023,130.500127,128.500059,130.00023,342400,1.976255
1972-11-22,129.000196,130.500127,129.000196,130.00023,289600,1.976255
1972-11-21,128.375148,129.750167,128.125073,128.625222,312000,1.955352
1972-11-20,128.625222,129.750167,127.875263,128.375148,506000,1.951551
1972-11-17,129.500093,129.500093,124.625086,128.625222,1070000,1.955352
1972-11-16,130.750189,131.250086,129.25027,129.875066,594000,1.974352
1972-11-15,133.000079,133.000079,130.500127,130.750189,883600,1.987656
1972-11-14,136.125092,136.375155,133.750291,133.750291,1254000,2.033263
1972-11-13,135.750106,136.375155,135.500284,136.125092,480800,2.069365
1972-11-10,135.750106,136.75014,135.125058,135.750106,649600,2.063664
1972-11-09,135.375121,136.000181,135.125058,135.750106,780400,2.063664
1972-11-08,135.250222,136.000181,135.250222,135.375121,982000,2.057964
1972-11-06,134.000113,135.750106,133.000079,134.875236,490800,2.050365
1972-11-03,131.000264,134.250188,131.000264,134.000113,412800,2.037061
1972-11-02,130.00023,131.50016,129.750167,130.62529,443200,1.985757
1972-11-01,127.875263,130.250052,127.875263,130.00023,521200,1.976255
1972-10-31,125.000072,127.500277,125.000072,127.500277,564000,1.938251
1972-10-30,123.750216,124.75025,123.750216,124.125202,259200,1.886943
1972-10-27,122.000223,123.500141,122.000223,123.000256,425200,1.869842
1972-10-26,124.00029,125.000072,122.000223,122.000223,256800,1.85464
1972-10-25,124.500175,124.500175,122.875093,124.00029,113200,1.885044
1972-10-24,124.75025,125.750284,123.500141,125.000072,380000,1.900243
1972-10-23,124.500175,126.250169,124.500175,124.75025,463200,1.896445
1972-10-20,121.625237,123.37523,121.500085,122.625271,1354800,1.864142
1972-10-19,121.625237,122.750182,121.1251,121.625237,652000,1.848939
1972-10-18,118.625147,121.875059,118.625147,121.625237,591600,1.848939
1972-10-17,118.625147,119.250195,117.500202,118.625147,561200,1.803332
1972-10-16,119.50027,119.875244,118.500236,118.625147,324800,1.803332
1972-10-13,119.75008,120.000155,118.625147,119.50027,299600,1.816635
1972-10-12,120.000155,120.000155,117.625113,119.75008,302000,1.820433
1972-10-11,120.000155,121.375174,118.500236,120.000155,322000,1.824235
1972-10-10,118.500236,121.500085,118.500236,120.000155,536400,1.824235
1972-10-09,117.375039,118.000087,117.375039,117.375039,178800,1.784328
1972-10-06,118.000087,118.000087,114.000215,116.375257,760400,1.769129
1972-10-05,120.500052,121.250263,118.000087,118.000087,410400,1.79383
1972-10-04,120.250229,122.500107,120.250229,120.500052,418000,1.831834
1972-10-03,118.000087,120.125066,118.000087,120.125066,294400,1.826134
1972-10-02,118.625147,119.75008,116.500168,117.750277,1029600,1.790032
1972-09-29,117.750277,120.750114,117.750277,118.625147,632000,1.803332
1972-09-28,112.750107,116.500168,112.750107,116.500168,856000,1.771028
1972-09-27,110.375065,112.87527,110.375065,112.750107,647200,1.71402
1972-09-26,109.25012,110.250154,109.25012,109.750257,244000,1.668416
1972-09-25,109.000046,111.000114,109.000046,109.000046,367600,1.657012
1972-09-22,107.00023,109.25012,107.00023,108.750224,334800,1.653214
1972-09-21,107.375216,107.375216,106.625257,106.625257,511200,1.62091
1972-09-20,107.500127,107.500127,106.500093,107.375216,367600,1.632311
1972-09-19,108.750224,108.875135,108.000264,108.37525,317200,1.647514
1972-09-18,109.000046,109.000046,108.125175,108.750224,140800,1.653214
1972-09-15,109.000046,109.625094,108.625072,109.000046,422800,1.657012
1972-09-14,108.500161,109.750257,108.000264,109.000046,425200,1.657012
1972-09-13,108.250086,109.000046,107.00023,108.500161,382400,1.649413
1972-09-12,110.250154,110.250154,107.625038,108.250086,707600,1.645611
1972-09-11,110.125243,110.625128,110.125243,110.250154,282000,1.676016
1972-09-08,111.000114,111.000114,110.00008,110.125243,375200,1.674117
1972-09-07,111.125025,111.750073,110.875203,111.250188,344800,1.691218
1972-09-06,111.250188,111.500251,110.500217,111.125025,601600,1.689316
1972-09-05,112.750107,112.750107,110.875203,111.250188,307200,1.691218
1972-09-01,112.000148,114.000215,111.625162,112.750107,352400,1.71402
1972-08-31,108.625072,112.000148,108.000264,112.000148,516000,1.698622
1972-08-30,106.500093,109.500195,106.500093,108.625072,354800,1.647435
1972-08-29,107.125141,107.125141,105.625223,106.250019,236400,1.611414
1972-08-28,107.75019,107.875101,105.500059,107.125141,344800,1.624687
1972-08-25,109.750257,109.750257,107.375216,107.75019,594000,1.634166
1972-08-24,114.5001,114.5001,113.125093,113.375155,55200,1.719476
1972-08-23,114.5001,115.000249,114.250026,114.750175,440400,1.74033
1972-08-22,113.375155,114.875086,113.250244,114.5001,304400,1.736537
1972-08-21,114.375189,114.375189,113.125093,113.375155,183600,1.719476
1972-08-18,115.000249,115.625045,114.5001,115.000249,236400,1.744123
1972-08-17,115.000249,115.750209,114.625264,115.000249,432800,1.744123
1972-08-16,116.250094,117.000053,115.000249,115.000249,196400,1.744123
1972-08-15,116.875154,116.875154,115.000249,116.250094,218800,1.763078
1972-08-14,116.000031,117.875176,115.500134,117.000053,314400,1.774452
1972-08-11,113.500066,118.000087,113.500066,116.000031,400400,1.759285
1972-08-10,112.500032,114.000215,112.500032,113.375155,246400,1.719476
1972-08-09,111.625162,114.000215,111.625162,112.000148,448000,1.698622
1972-08-08,108.750224,111.625162,108.750224,111.625162,307200,1.692935
1972-08-07,109.500195,109.625094,108.750224,108.750224,188800,1.649333
1972-08-04,109.000046,110.00008,109.000046,109.500195,496000,1.660707
1972-08-03,106.000196,109.750257,106.000196,108.500161,523600,1.645541
1972-08-02,102.000073,106.000196,102.000073,105.750134,904000,1.603833
1972-08-01,100.500148,101.500176,100.125168,101.500176,193600,1.539377
1972-07-31,100.500148,101.000039,100.000257,100.500148,138400,1.52421
1972-07-28,100.000257,100.500148,100.000257,100.500148,395200,1.52421
1972-07-27,99.000223,100.000257,99.000223,100.000257,360000,1.516629
1972-07-26,99.000223,99.250045,98.50008,98.625243,203600,1.495775
1972-07-25,98.1251,100.125168,98.1251,99.000223,941600,1.501462
1972-07-24,97.750121,98.000189,96.625176,97.750121,543600,1.482503
1972-07-21,97.000155,97.750121,96.625176,97.750121,360000,1.482503
1972-07-20,97.625209,97.625209,96.750087,97.000155,312000,1.471129
1972-07-19,97.750121,99.500114,97.750121,98.000189,339600,1.486295
1972-07-18,97.500046,97.500046,96.625176,97.500046,186000,1.47871
1972-07-17,97.750121,97.875032,97.000155,97.500046,536400,1.47871
1972-07-14,96.000127,98.000189,96.000127,97.750121,742800,1.482503
1972-07-13,96.000127,96.000127,95.000093,95.875216,269200,1.454068
1972-07-12,97.500046,97.500046,95.875216,96.000127,271600,1.455962
1972-07-11,98.50008,98.50008,97.750121,97.750121,148400,1.482503
1972-07-10,97.500046,99.000223,97.500046,98.50008,370000,1.493877
1972-07-07,98.750155,98.87506,97.000155,97.500046,226400,1.47871
1972-07-06,99.000223,100.500148,98.750155,98.750155,236400,1.49767
1972-07-05,99.000223,99.500114,98.50008,99.000223,118000,1.501462
1972-07-03,99.750182,100.000257,98.50008,99.000223,128400,1.501462
1972-06-30,100.375237,100.375237,99.750182,99.750182,120800,1.512836
1972-06-29,100.000257,100.750216,99.750182,100.500148,211200,1.52421
1972-06-28,100.000257,100.375237,99.750182,100.000257,110800,1.516629
1972-06-27,99.250045,100.000257,99.000223,100.000257,271600,1.516629
1972-06-26,99.250045,99.750182,98.625243,99.250045,251600,1.505251
1972-06-23,97.750121,100.250073,97.750121,99.250045,498400,1.505251
1972-06-22,97.25023,97.750121,96.125033,97.750121,208800,1.482503
1972-06-21,96.87525,97.625209,96.750087,97.25023,246400,1.474921
1972-06-20,97.125066,97.375141,96.250196,96.87525,375200,1.469234
1972-06-19,96.250196,97.25023,96.250196,97.125066,516000,1.473023
1972-06-16,95.625142,96.375107,95.500237,96.125033,279200,1.457856
1972-06-15,95.000093,95.875216,95.000093,95.625142,251600,1.450275
1972-06-14,94.250128,95.250162,94.125223,95.000093,594000,1.440795
1972-06-13,94.750019,95.250162,93.750243,94.250128,720000,1.429421
1972-06-12,94.750019,95.875216,94.750019,94.750019,128400,1.437002
1972-06-09,95.000093,95.000093,93.2501,94.750019,292000,1.437002
1972-06-08,95.625142,96.250196,95.250162,95.250162,191200,1.444588
1972-06-07,96.000127,96.250196,95.500237,95.625142,85600,1.450275
1972-06-06,96.250196,97.000155,95.750053,96.000127,203600,1.455962
1972-06-05,99.500114,99.500114,96.000127,96.250196,284400,1.459755
1972-06-02,99.375203,101.250113,98.750155,100.125168,704800,1.514536
1972-06-01,98.968995,99.375203,98.000189,99.375203,158400,1.503192
